3.376468007370243551e-01 7.489427253428535547e-01
-8.583358712229052223e-01 7.574286014805180489e-01
2.944943232114887177e-01 -8.981197662375528523e-02
2.977286379020747109e-01 -4.773112517914570585e-01
-9.708479850083164830e-01 -1.286693470068716039e-01
-2.823862509910270990e-01 -6.987954822629360851e-01
2.671241780008080102e-01 -7.551952499500160787e-01
6.286492364480467110e-02 9.137266312268055302e-01
-3.325525176750343537e-01 -2.310490523873709456e-01
6.912489233418712686e-01 -1.718815116921343922e-01
-1.951957434775839495e-01 6.233634071131111121e-01
8.707500344181109408e-01 -3.465967504481797246e-01
1.784133845281115072e-01 2.580685228170744860e-01
-7.717159481389290754e-01 4.569933810833650689e-01
-5.444028531336952970e-01 5.510672277612209680e-01
-1.930181088533700073e-01 6.840586710649885216e-01
-1.100950863664498236e-01 1.836173284420732355e-01
8.401354118268928861e-01 3.366497376034744970e-01
4.803555645086867720e-01 -8.730414659684324619e-01
-3.230572165470493307e-01 -9.587710836722562746e-01
8.952553280729158569e-01 7.504896525136701690e-01
4.146993886563357101e-01 6.826953088803000558e-01
-4.458925374879005865e-01 -9.742863772345906614e-01
-4.709399928296322813e-01 -7.735505973798448842e-01
-1.530315136573336954e-01 7.991733306516810575e-01
-1.321364037880756737e-01 -1.522925452755008457e-01
8.540530094654745774e-01 -4.242879638086127780e-01
7.689520097853570491e-01 -2.158065891535747571e-01
-1.957381277248280149e-01 9.289940130767402326e-01
8.119413191566819954e-01 -6.429459621546242953e-01
6.664071208160715631e-01 -8.136013793504144331e-01
6.369704869080403675e-01 7.537738907601916338e-01
8.477840196201831269e-01 -5.732829836603081652e-02
4.791166601602696584e-01 -1.999715738266005793e-02
-5.131898136226660245e-01 3.454722403959458177e-01
5.135430372282989708e-01 8.608031451078788088e-01
4.288728585186909470e-01 -2.118614859112137871e-01
-7.533024163189681044e-01 -2.701488659528912262e-01
-9.762854820316890780e-01 9.516417202911844342e-01
3.372855625909654265e-01 -3.457216917349459351e-01
-8.268314643592544755e-01 8.766620657355730373e-01
-5.709666593744242569e-01 -6.939748520603528092e-02
-5.036219233797671890e-01 -1.136806040856843669e-01
-5.448637728333065589e-01 8.598373751123542519e-01
-8.956366169841836200e-01 3.122295274522686181e-01
-2.220713634830926431e-01 -4.416743618462211085e-01
-8.183765198914920713e-01 1.426049569743015333e-01
-1.499911558326458838e-01 6.584283990145056720e-01
-9.876286953377750866e-01 -5.417183391301449991e-01
5.516337933390993431e-01 7.169771057900908851e-01
-3.054898155300533880e-02 2.479143308044138294e-01
2.648247594806067973e-01 -2.471175040085420438e-01
-3.045211446368054631e-01 7.997988150019446074e-01
-3.123599114349857597e-01 6.035153115675104818e-01
3.293965301823253977e-01 -1.719163627624875623e-02
6.012421665042200214e-01 5.784450421178766177e-01
-8.863677123901436694e-01 6.995669542298044163e-01
1.985075649520569030e-01 -5.259246376263486678e-01
-8.190758087197598236e-01 1.650544429306162186e-01
-1.108137252290313235e-01 1.084416588183296781e-01
9.590961421437134149e-01 3.603789692961008040e-01
-4.591243845599530804e-01 -9.108475555346451369e-01
4.274108985846536424e-01 4.774035356740946590e-01
-3.416143964887738971e-01 -2.280276410462458436e-01
-8.446516821185519053e-01 -4.734698872012113036e-01
6.712628730956751166e-01 -5.350576889481046816e-01
-5.590044942444947207e-01 -2.553966590220202448e-01
6.924136663002766756e-01 5.861183953654471868e-01
3.801747525554450835e-01 1.976027698082618578e-01
9.324357007254326923e-01 -8.352518721847659311e-01
-2.126415666468957077e-01 -5.946714178582639398e-01
-4.839198130717181634e-02 9.593541614373268800e-01
9.237353296025336835e-01 -7.787524229687994293e-01
8.402118724901901370e-01 -5.028608256980240387e-01
-3.471470214776226637e-01 7.297460064366720900e-01
-2.763515382157715194e-01 9.002467168035535039e-01
-3.163350784743936828e-01 3.572652790059740457e-01
1.062355293581074278e-02 -3.982104506970258750e-01
-6.192716043943140569e-01 3.017545842579894000e-01
-2.886012870216534409e-01 -1.914216749834616316e-01
4.235667756205085954e-01 7.684948609254385055e-01
7.626380700639090460e-01 -3.762302014047285148e-01
9.124354070585172227e-01 -7.655471209436039981e-01
6.130126625174137089e-01 4.903676248555020045e-01
-9.300147421427342742e-01 2.846317949371912626e-01
-3.556530892000566713e-01 4.470643335702755294e-01
-3.325632873100308196e-01 -6.888927578337176172e-01
-3.980501308716299924e-02 4.129673711504939781e-01
-2.272147643229811553e-01 8.080863000898717008e-01
2.629347587238541895e-01 -2.455542146058620201e-01
2.928481157997704365e-01 1.134666972745488334e-01
6.961587434639233685e-01 -6.882928834521084838e-02
-5.264530620270206906e-01 -1.371174046247933820e-01
-1.456204495629522810e-01 6.667692024827771569e-01
5.085537831702564571e-01 8.969382308332953802e-01
-3.264066110256647057e-02 5.075737328618545874e-01
6.132193567840724668e-01 3.487294224137547083e-01
-6.042355360647844176e-01 1.402399802321265820e-01
4.498932379519609004e-01 -8.793454607004755896e-01
3.133388424498868563e-01 -2.786030275246278443e-01
-1.959531859539056509e-01 4.579678445182484570e-01
9.367364864620377762e-01 5.848587565147633782e-02
-5.015700490522769783e-01 5.196291331154645476e-01
-9.366106460723180316e-01 -9.276565941980388086e-01
-8.059548795446325187e-02 9.979322998183635107e-01
1.028623842028242308e-01 4.586702710805123928e-01
6.597834068962311616e-01 -8.206773832886415931e-02
-2.521484838843672804e-01 -7.555386538483674919e-01
2.574578108950076327e-01 -7.387650255395934451e-01
-6.065517803582065604e-02 3.272342644049874849e-02
-3.985539707753376071e-01 1.798301253926928300e-01
-6.942091925943461028e-01 9.254194761120086987e-01
3.937632793691363542e-01 1.235178209691523143e-02
4.258855106545960112e-01 5.016000110619782681e-01
1.586940816536204224e-01 -6.162633317856891502e-02
-5.280226996849306520e-01 -6.651951186686733131e-02
-9.090755962309442495e-01 5.645442309116457391e-01
-8.545055979892575149e-01 -2.221539581468823243e-01
7.543959711266279289e-01 -7.542340166918508615e-01
-6.262582434935692888e-01 -6.773938917865944820e-01
7.197374760407990735e-01 -8.184039052479927800e-01
5.167815566562339313e-02 -8.380435454735741807e-01
-6.799977260390017708e-01 -1.887739739239906456e-01
1.998272816833157606e-01 -9.819188085818066902e-01
-3.547834347843425995e-01 7.472523027375777005e-02
7.078979255125812386e-01 -6.951537936062355261e-01
-3.489663633147392918e-01 -5.140699828966117657e-01
2.131933037892370653e-01 4.583655275400944085e-01
7.243975112300946595e-01 2.772764002869032574e-01
-4.497204815394419963e-01 -7.439278302821141775e-01
2.167831035701124343e-01 2.836657763350280970e-01
7.293335179360866949e-01 3.218426515503993723e-01
5.911850805972591605e-01 -4.359277794855560551e-01
3.696625678833465045e-01 6.318203694920963009e-01
2.533528062126417790e-01 -8.316059268459659037e-01
9.382557516489629101e-01 -2.771655771480177055e-01
-9.490893954858103942e-01 1.533923406420716340e-01
-1.796185507122505243e-02 7.506379398036331363e-01
-9.566184448518089134e-01 2.578360934629551071e-01
8.051594771715768761e-01 5.172406871892332170e-01
-7.923391973599591687e-01 6.539829028905268515e-01
-6.312141503904229456e-01 9.123119618987916013e-01
-1.392406751243930874e-01 -3.119813555277044514e-01
-3.765053519133350068e-01 7.046912035247030470e-01
5.688531049149170293e-01 5.368782368240028191e-01
6.752293388005086161e-01 3.699180147232670191e-01
7.626687484505412229e-02 -9.115200701877133049e-01
-4.058429376248429143e-01 2.935507894707212184e-01
-8.560345286737065518e-01 -2.435258825833768181e-01
-4.927126205720608887e-01 5.562083564501245636e-01
-5.855443166596576710e-01 -3.597526111107975932e-01
1.676465466865728615e-03 4.063741082590552889e-01
-7.242081105055637735e-01 -5.284209687845404790e-01
-6.709613114136163681e-01 9.449887062028257123e-01
3.829413445363671897e-02 2.235688083807416682e-01
9.918761420572901333e-01 -5.052816756178084567e-01
-7.212448697577271695e-01 5.504140280773177629e-01
6.871948950457837935e-01 2.454442949688040443e-01
3.943579414550346662e-01 1.459999169146890541e-01
1.526369920943928538e-01 -4.682603497445287921e-01
-6.282672098291943730e-01 6.299652095221541792e-02
3.433269843963906442e-01 -2.804587288983309001e-01
-7.669391545447046266e-01 -1.807184912609640648e-01
5.528392571448046411e-01 2.850399164430681420e-01
-7.361454944819612045e-02 1.628712081117165145e-01
-5.385230065491251050e-01 2.738200196157101196e-01
1.549699825798740438e-01 2.939907941592920793e-01
-2.665717549715267420e-01 6.519026151218076937e-01
-1.978289255306655559e-01 -2.349333931071797554e-01
-7.874579569793278555e-01 -3.041406135209046013e-01
7.364764686775231439e-01 6.086829815138190547e-01
7.824667219489425118e-01 -1.631006351347883410e-01
5.900411137852037413e-01 4.789254402448175352e-01
5.050175404634593690e-01 4.002772791602238200e-01
8.171947098739922311e-01 -3.766924039455781248e-01
5.327149607139929355e-01 2.918521283275610223e-02
-9.009243567323343971e-01 9.285866259707686865e-01
-5.119104898299151607e-01 -6.752855280218474920e-01
-7.833047259082577263e-01 1.771181191344213257e-01
2.375806442422419007e-01 -7.521067198195412473e-01
2.728622176630139951e-01 7.178679241777561337e-01
9.447832314091197947e-01 -2.432033847777244073e-01
-8.421509567957148334e-01 4.449180805924539683e-01
2.984208504260263961e-01 -4.217959119470768847e-01
-1.907938543878522353e-01 -2.453616757236789514e-01
3.654690391436912211e-01 -1.339061861412300658e-01
8.148177357095898188e-02 3.617034561059075948e-01
-1.041303506393149725e-01 3.548924690960444384e-01
-7.618627942913054341e-01 7.494095737938459845e-01
9.142925843970783895e-01 -4.786152540263912680e-01
9.065362396907472586e-03 -4.137059048488340718e-01
-4.227908389111312282e-02 3.532766649591243535e-01
2.914484934326240229e-01 -7.257812031281789533e-01
-3.254008819379283768e-01 -3.557655045332750454e-01
-9.362661908592335713e-01 1.264015171303736196e-01
4.245389920480864276e-01 9.449333118268750109e-01
8.433523086072833852e-01 1.381832593782397200e-01
-9.046794437876111150e-01 -3.194665205155826637e-01
-6.501757940749304243e-01 8.338764420971505054e-01
-9.437023596220068811e-01 1.619190212967991371e-02
-7.362482028026813285e-01 9.212652391361042525e-02
-4.469769321816412511e-01 9.009229461694654439e-01
-7.210157078235159833e-01 4.294842170211581323e-01
3.859032509688060664e-01 5.241269598234039595e-01
-3.067991259101763291e-01 -5.014915712360219491e-01
3.774427225492515969e-01 6.581596722076341610e-01
6.395584576515651598e-01 -6.235168456321082964e-02
7.293454208592331511e-01 1.291240329826017774e-01
5.823959298381464755e-02 7.792988705573633545e-01
2.585965013521651645e-01 9.498873930811346789e-02
-4.225807530223526509e-01 -6.469721197187612294e-01
-2.036273764196623315e-01 -6.799296940519792276e-01
-5.847448757425142141e-01 -2.134616940085638515e-01
2.114554153437993023e-01 8.507357667353712127e-01
-6.738880897273931136e-01 6.107919082397967880e-01
4.631420681828410935e-01 1.463845163446531039e-01
3.998320581696894749e-01 -1.612187392376356332e-01
6.336727260913777027e-01 1.162749058885126363e-01
-6.525387242445923608e-01 -1.915843887469761420e-01
-8.124030856489661279e-01 1.701233664412891144e-01
-9.290396638938034357e-01 -1.368348923408018170e-01
-5.605143014057514250e-01 -9.445403999218093816e-01
-6.501130534529186988e-02 -4.231397299639154674e-01
-6.101461477726677352e-01 -2.017294439642705051e-01
-5.158074618337218364e-01 -7.215698019379765960e-01
7.777445832470051279e-01 4.461504117389303303e-02
9.733247825240141093e-01 3.947222646532257961e-01
6.464647164286485559e-01 -5.710597476937337991e-01
-5.279014794374692343e-02 -7.855123777282471131e-01
-9.348350654983101915e-01 1.878241030846219406e-01
8.278997037481161669e-02 -8.700459145098364822e-01
-2.203348415635395519e-01 9.580785167793710588e-01
3.076369753028866949e-01 7.509519082335498474e-01
-2.412850526379306526e-01 2.358086961950811578e-01
8.063724080258714011e-01 7.873654508667236041e-01
-9.178359102152247040e-01 -1.850787412176271296e-01
-9.807540491954174211e-01 -7.994078373004938065e-01
8.372838036226197822e-01 2.887636024282291825e-01
8.907876542539348019e-01 -6.317451080500531280e-01
-7.453007483312212855e-02 1.888849571060458032e-02
-9.348526954196543226e-01 -2.107112049248980323e-01
2.400533973705269997e-01 1.820657048885097051e-01
-1.184417966293727087e-01 5.249764162176027149e-01
1.415984127930653980e-01 -8.398915195824792068e-01
-9.856792061499917157e-01 7.098576271651866332e-01
9.834167941680380665e-01 -4.910609412513997629e-01
4.182995825245887644e-01 8.931288121645906131e-01
-7.211348235656853678e-01 4.649512133731208419e-01
4.885586668469148464e-01 2.160817628118332223e-01
-9.827313295805228943e-01 2.695304651319172518e-01
3.179729906477715140e-01 -4.851526256894902467e-01
9.834936820622561804e-01 -6.271267537161049344e-01
4.367742609403173493e-01 4.991191345891625719e-01
1.451434952685548563e-01 1.128599967766030776e-01
2.221215372284126577e-01 5.243713294300220706e-01
-1.515869862790639733e-01 -4.471251931668818180e-02
5.705899164695102943e-01 -5.801573022640964528e-01
9.383024783817566217e-01 9.006039852070200080e-01
-6.352678485885960846e-01 -5.306024255733743367e-02
7.934650722574827508e-01 -5.258875913880924902e-01
3.934087732781905711e-01 4.609025751017186145e-01
-9.935786884576651712e-01 -4.931535867880290080e-01
-3.826739977801474346e-01 -3.226679005543409140e-02
8.781971644022921186e-01 9.775066993808778637e-01
-4.382632759331261951e-01 4.016507369917809989e-02
-5.263135598558554840e-01 5.973971096841084183e-01
-7.430373771526987969e-01 -5.359429723004762725e-01
9.407589148270421031e-01 6.208060108284074730e-01
-2.658571848997779430e-01 -1.851011906410633401e-01
6.338909517854074416e-02 6.634443641465685992e-01
-9.686485415610293082e-01 5.897460994230103726e-01
7.799856520349941480e-01 1.297708361517446729e-01
3.134787499676239264e-02 -3.855811114147129626e-01
4.320018080799559179e-01 -3.940011211918852396e-01
9.345563470256366134e-01 7.140121780918118333e-02
-8.543263243446672650e-01 -8.850150259538556163e-01
3.926233859709908902e-01 7.152636360266380056e-01
1.732118312216863742e-01 6.320010328870173666e-02
2.582812109643259912e-01 9.836704834573293255e-01
4.879756146134150985e-01 9.057098319969414391e-02
8.956033803044660679e-02 9.612386909311747551e-01
-1.749881706130034242e-01 3.480776918711241397e-01
5.546083744954799499e-01 -1.237342623715869117e-01
-9.661031340229588871e-01 9.704316116887075072e-01
-7.404137764612677142e-01 1.013052927908009160e-01
1.970627590188760436e-01 -5.711719184272849859e-01
-7.903401458491379206e-01 -3.601455891539282472e-01
-9.834746711970272504e-01 -2.716112964622630077e-01
4.034422531964831915e-01 2.419964316635108137e-01
2.233846023982026807e-01 -3.074897143507853148e-01
-3.125403842036080793e-01 9.843688314403880035e-01
-7.874449218431300856e-02 -7.353560243524734918e-01
-2.083202101069596690e-01 7.696535723778703542e-01
-7.627426596724926622e-01 -1.612272654350028755e-01
-6.283136173879497743e-01 -6.536916946244566429e-01
2.352786419437182808e-01 -7.329784031344823703e-01
-9.105263644317003191e-01 -2.527483061647781692e-01
9.658880309177797496e-01 5.543069745739932497e-01
-5.012446463073012559e-01 -9.894647071930333659e-01
-7.221287662341113744e-01 5.391021496217816011e-01
-1.158424854262563031e-01 -9.058322197548052124e-02
-3.836292525020601474e-01 6.123670667680480850e-01
-6.779433258366733828e-01 8.829184478524629842e-01
3.689402838576325561e-01 -2.883163326739579535e-01
3.376756950628412302e-01 -7.439136948568676466e-01
6.521614767558534531e-01 9.135172202709238576e-01
-3.948415579811788145e-01 -3.242742044661461875e-02
-4.799179161949218564e-01 4.123011071450488618e-01
3.136246247393348341e-02 6.909632903145479510e-01
-3.524292890569433734e-01 -2.981685729162379950e-01
8.398196947823974856e-01 9.817381409562038197e-01
-5.736980090904801877e-01 4.510227374123854105e-02
3.505834472784503664e-01 3.082401651996236058e-01
9.731903124772807168e-01 -5.859790187786506621e-01
2.372919607121179997e-01 -6.738172554414991744e-01
-2.258429093252036779e-01 -9.009477531169052256e-02
-9.863026623661474979e-01 7.629773987318253514e-01
-5.070562831260561065e-01 4.964817252818489735e-01
3.324913308042918292e-01 6.085184984681586418e-01
-5.364606849234834218e-01 3.015130923301292398e-01
3.828378166481454237e-01 6.332636252502024110e-01
-1.599684566300654254e-01 7.263580375227101094e-01
9.683946347573095803e-01 -9.151470447897924743e-01
-6.453985238993740214e-01 -3.923626590364364120e-01
-9.425190996669354782e-01 -9.589442544351158837e-01
4.119736386210692825e-01 2.584050286620602765e-01
-6.605210200656235209e-01 2.083183250520306284e-01
-8.302750430439171936e-01 -4.709061459985155462e-01
9.135995934554463904e-01 7.540975391371105285e-01
7.862535052565611249e-01 -1.639290952773539978e-01
5.985491366558997051e-01 6.277978622920428187e-01
1.538811680386231728e-01 2.603550122552431567e-01
9.056711588343979713e-03 -7.358452373406429992e-01
-6.351901330194313910e-01 8.543314521400073858e-01
-2.283754438539495890e-01 -2.742215528012985626e-01
2.414770965991921425e-01 -3.083881187845924909e-01
-5.551817075241565203e-01 -6.723879520154472100e-01
5.870180566013201151e-01 -5.793860728626658574e-01
2.842723840408523106e-01 -1.805924313334232867e-01
1.262718301376342112e-01 -7.492344924745761858e-01
-2.610107084675528100e-02 -6.158726589934586659e-01
1.630405299616461967e-01 4.546939267737208912e-01
9.927522585798234100e-01 -8.608450247514718434e-01
-7.709792062857954154e-01 -9.361884416769143957e-01
-5.822667625556507964e-01 -7.928712990245425640e-01
-8.249740478078841921e-01 1.103766091252531556e-01
-5.770385001679407821e-01 4.739017140089958335e-01
3.552345623256205620e-01 -8.829177279780107135e-01
8.823341118808445405e-01 2.925340909799523104e-02
2.674965083849767389e-01 -9.508827311861001164e-02
-1.566445168572960789e-01 1.003759142245561620e-01
8.281672920284746109e-01 1.989214689892113697e-01
1.710516187796173870e-01 -1.912166339691232508e-01
-6.541708511141866023e-01 -2.121079019929701381e-01
5.378019532014812754e-01 4.188913786331891487e-01
9.701662930001195839e-01 4.553731921641825942e-01
7.754413333285528065e-01 -1.564606560258186008e-01
-2.092609817224826418e-01 7.131550897796870014e-01
4.557168188508071704e-01 -3.069841401525568170e-01
8.651838348393146028e-01 -3.118625193293953490e-01
-7.875058066774598409e-01 1.255140520375448432e-01
-6.679196609511002247e-01 -8.358296706228607320e-01
2.298427763517618683e-01 6.728555987747220080e-02
-8.871654038836782608e-01 1.311812489459869280e-01
3.944632756975903209e-01 -1.401413372467530394e-01
-1.391081310564263873e-01 7.386270793818443536e-01
2.640054448810724708e-02 1.481896660748291961e-01
2.757038087919205793e-02 -3.892912856622425810e-01
9.255157590911022858e-01 1.445949788292983929e-01
7.040025727070358119e-01 9.570682720007928079e-01
2.556662033249077481e-01 7.493717058402820097e-01
1.352287345980363042e-01 8.559833976104205266e-01
-3.007003718721388275e-01 4.543623498765994029e-01
-3.236853830275006061e-01 6.691890818959786991e-01
5.524511091017907383e-01 -8.905860215328775809e-01
-3.417410281507060610e-02 -2.879922506513221681e-01
5.283374942336622748e-01 6.071162872918141051e-01
2.730924763052302584e-01 -6.538991378820333544e-01
-5.371136882251978939e-01 -6.433907943879686453e-01
3.554299825736744189e-01 -7.536304234923758560e-01
5.853881836220402590e-01 6.595336998072467427e-01
-6.043580772441481397e-01 -2.714154496634946234e-02
-3.485743625511503740e-01 -9.837403025587454497e-01
3.056165565485633451e-01 1.294424971526266788e-01
9.280308034362003688e-01 4.921831289295812706e-01
-1.141458455194495070e-01 -5.158393236048071095e-01
-5.842054515567141060e-01 -4.577085543805849976e-01
-3.252221118359790442e-01 -2.861519583617910811e-03
9.175948857054772034e-02 8.718586570102955235e-01
-5.062386751826630782e-01 -8.272646271735166756e-01
4.397269745439880140e-02 7.910331870321660741e-01
5.890160917015527797e-01 6.667891521444175851e-01
5.267306681241028521e-01 -8.576037054466902898e-01
-1.321374795835990046e-01 -2.808558673977887832e-01
-1.054944434416338339e-02 9.956844469474432913e-01
-4.235880048646167850e-02 7.330294076641941103e-02
6.946629868041029887e-01 -9.953357548536905242e-01
-9.942714981764386728e-01 3.798402562845610841e-01
3.392656963724391961e-01 -8.460678831245438403e-01
-2.832005488080027167e-01 -2.732217143278894422e-01
-6.450993414610037835e-01 7.282949535490366166e-01
-5.318532644331013248e-01 5.104952100255490954e-01
3.270261186238503370e-01 -8.772949614914848926e-01
6.132262893055517861e-01 -9.517764721361354763e-01
4.375374101744742283e-01 -9.581565218888323798e-01
-8.825393866412110100e-01 8.177852825786253721e-01
8.704111885598133647e-01 -3.994085716122071084e-01
-3.860169889824307532e-01 -1.420785951768495092e-01
7.976529007172181718e-01 4.474718641571033828e-01
-5.276615946189859852e-01 -1.724311846916746216e-01
-4.799401923852144591e-01 7.450453901500628806e-01
5.349162870680408410e-01 7.100010666273244286e-01
1.537837041526510795e-01 7.479101909691543426e-01
6.933083244068618534e-01 4.963841274511711088e-01
1.772366420830717715e-01 -6.638203274887777283e-01
8.894879787297671481e-01 -3.785651245076306903e-01
4.262844584836291695e-01 -9.232965437471030157e-01
-3.904101631773622127e-01 8.677774453066999794e-01
-1.716601628365994614e-01 4.208206510521146360e-01
9.026871300652208330e-01 8.216441269214609378e-01
-9.943088872192380467e-01 1.605434176997686535e-01
-4.920890448535195638e-01 -9.096576431680885033e-01
-1.109709521236399432e-01 1.825403938618848088e-01
2.227400190954897941e-01 -3.814399575059814751e-01
7.596040294215771205e-01 2.553314309911962621e-01
-8.493526475001456078e-02 3.463794334559899823e-01
-2.019362328407443563e-01 -5.775906528020784414e-01
7.754243291895661638e-01 3.868598924173700659e-01
-1.648138152411604551e-02 8.418456419064075380e-01
3.424817880381578750e-01 -1.185212881418467035e-01
-6.692866868170046502e-01 3.166690344538145574e-01
-2.253460574486987333e-01 6.570154387889430847e-01
9.789989888633525705e-01 6.410977861055899840e-01
-2.367338095397271136e-01 6.509006676500423971e-01
-9.533542099768128608e-01 3.004179770041504050e-02
4.528178123168280500e-02 4.794639764573216389e-01
7.331355656192137804e-01 7.481813696770256428e-01
-8.152847154082023540e-01 3.535502343662126901e-01
9.894491228116155668e-01 -4.373001251493160435e-01
-6.149827673491468083e-01 9.027318190353990079e-01
-4.067088122766981950e-01 1.096526397491255356e-01
-9.026755988764789684e-01 4.934493062264477814e-02
5.005519946893774996e-01 -6.139632358058075834e-01
2.407983353068772203e-01 -5.923661979195324889e-01
-7.662053286271248709e-01 3.299830858275392131e-01
2.451570016486239734e-01 -7.603062439709342701e-01
6.722413111450575851e-01 2.869728296759115338e-01
-5.283372204927168081e-01 2.944255320317179514e-01
5.114646441318944081e-01 -3.211035529806254285e-01
7.707182769450302562e-01 9.848338953557917996e-01
3.277802128555979966e-01 -2.856362796185700770e-01
-6.589856724884093353e-01 -5.197976722005097638e-01
3.129203165751852644e-01 5.622091632307004705e-01
-6.274141379333235680e-01 6.518328765366843136e-01
7.686783161895949235e-01 6.442917201615250278e-01
4.429317962403955811e-01 8.808845162496206083e-01
1.810036991019796648e-01 1.770273515907512252e-01
2.440042343604931219e-01 -9.707628145034081779e-01
-1.668197065051699735e-01 -2.244718635205422697e-01
6.526678608359774980e-01 8.621035361811979492e-01
3.132039071451768741e-01 2.775710904034034421e-01
-8.462067141210567467e-01 -4.800162520436146441e-01
-3.114838955263832254e-01 -4.925917578372187577e-01
-4.421501680566608528e-02 -3.095117571407657309e-02
3.833922558096363176e-01 -6.042048606149372780e-01
5.418041904908132977e-03 1.426302787692304008e-01
6.972322128179693213e-01 -7.165445072820939565e-01
-3.936597014381619797e-01 5.634078074636090783e-01
2.642519129942038081e-01 7.792933176291798603e-01
5.387358040495282552e-01 8.932921605893593409e-01
6.121796141892692500e-01 8.125174703182458380e-02
4.039526502482078119e-01 -1.879199066625678594e-01
9.223357844229267410e-01 1.973734133484463804e-01
6.377866673368433048e-01 7.330246803606192962e-01
5.081945881146336941e-01 1.620154239751148140e-02
-8.014035727955179933e-01 7.963210425623312716e-01
5.013800132609880222e-01 5.243564141424255087e-01
3.223696345823210407e-01 1.849542820326899317e-03
2.893575216065609190e-01 7.550487038090694103e-01
-8.528560940044824790e-01 1.687050930049815989e-01
4.010780977202865749e-02 5.225023065884875084e-01
-8.518718049194702324e-01 -9.553962846439760792e-01
7.636732933943204404e-01 -1.646100584158405322e-01
-4.017276580396040853e-01 4.234084422145929505e-01
6.331626743862261986e-01 1.653360604596985084e-01
-5.151544441790059103e-01 2.458687318747441175e-01
-9.341778800241387071e-01 9.825979984063741846e-01
-1.003159252579499672e-02 -9.718194765134413604e-01
-6.171727169756306974e-01 -6.273785793877302286e-01
4.705022228588657818e-01 -4.004040038738154728e-01
-8.936582467458786816e-02 3.103922495730730979e-01
3.941121887500684817e-01 -9.710132506977451339e-01
7.189453447588027846e-01 -7.860132190748805314e-01
-8.140433080945497224e-01 -7.376180854838476630e-01
-1.125034619992761886e-01 -3.519201217046437069e-01
-1.985589053689598149e-01 1.284256452457182007e-01
7.703558218272177349e-02 6.237261314466646667e-01
-5.556814490162615972e-01 9.319856619435422651e-01
-1.463405761337759348e-01 8.691454196223979967e-01
1.035400396139942725e-01 -4.806060736343760187e-01
1.514669849724563644e-01 -1.100092436856650036e-01
5.095947497897566070e-01 1.409322889065121043e-01
-9.095740645036467509e-01 -5.015818992028153733e-01
7.598525038365735451e-01 -2.575497339949908149e-01
-8.018890173337789307e-02 -6.580778653420480406e-01
8.597261483404694538e-01 -2.215015486964115876e-01
-1.244291848613903184e-01 -9.661629420035906524e-01
-3.008115044339070288e-01 -9.967679386073970971e-01
9.203404323302772916e-01 -7.999518565825669558e-01
9.974605432857350795e-01 7.569340016792385217e-01
8.938881580844124652e-01 -7.317871678664451540e-01
-1.793196001200705325e-01 -3.424192619532715476e-01
-4.376270757833689018e-02 3.973226457241016973e-01
-4.346442891673216735e-01 8.908734519344152503e-01
-2.130286832042183054e-01 3.801523624721965255e-01
-5.716429033728516185e-01 -2.235893972706370914e-01
1.835330585636585354e-02 -1.956217686966399416e-01
9.999450359080190864e-01 -6.117775419681859006e-02
9.269556252989930023e-02 6.304256325920434278e-01
1.333986545065424245e-01 -3.558490986551061663e-01
-1.791020181940110589e-01 5.212306649679552262e-01
9.597271132553968354e-01 -7.565232369758123632e-01
-3.199703743031920844e-01 2.564105634294433500e-03
-7.009501081004056999e-01 4.633914070365279247e-01
-5.154407070899078569e-01 6.336683227643691296e-01
-6.289123983943676333e-01 1.945995039936523341e-01
-3.199082048163848224e-01 6.957398763382935947e-01
3.693139278689714367e-01 8.076030563729743594e-01
8.048496370636382125e-01 4.747841314051286510e-01
-8.624599730434390210e-03 -5.994958024192040824e-01
7.625363265867990403e-01 -7.928513060106838761e-01
-3.579771974016785485e-01 8.625303645967246080e-01
9.985788562578923333e-03 7.383607275688006677e-01
4.981307325456327817e-01 -4.393448867114788658e-01
7.855926855034884859e-01 1.308511185737590843e-01
4.009268815710029799e-01 9.629436280531589176e-03
-6.612271847168094130e-01 5.599327504304119074e-01
-5.233435756163842267e-01 1.052552997473281682e-01
7.916829397113089861e-02 8.433898396994594648e-01
-3.952891437220349413e-01 -4.980500561144833860e-01
-7.426644675565803322e-01 -5.080142639756459744e-01
3.791856492147389623e-01 2.211520663079422633e-01
-2.219487111149616165e-01 1.825175299399346418e-01
4.893268592858457389e-02 -9.866499721117263366e-01
-6.884109962828626195e-01 -6.785443252583207574e-01
3.234989165402537559e-01 7.560279932947508996e-01
8.081357308378882554e-01 2.829013009444649729e-01
-8.261686181849909882e-01 7.414666761101653680e-01
-2.850396031017272680e-01 8.777103595147959236e-01
9.050985196836545121e-01 -6.521417525173058838e-01
7.551579164454622628e-01 6.776651480450368581e-02
2.675203333689653018e-01 -8.224401034920998388e-01
4.931633410990656774e-01 9.879710262117236130e-01
-5.847508014864244430e-01 -2.611163687903483854e-02
7.435089929873546222e-01 8.700392805299232979e-01
-9.363921146132392348e-01 6.986644949654092773e-01
8.802260939540533791e-01 -4.264378706803917396e-02
5.906476846560402283e-01 -3.802253476567050150e-01
-2.869333953074277854e-01 -5.805869372573877474e-01
-8.501149446387090691e-01 -1.166694579862403991e-02
8.413035878798824641e-03 9.773096882954797060e-01
1.569838246228498768e-01 -8.612098992634749095e-01
6.941307599257355854e-01 6.976282688232104956e-01
-5.935015145258419889e-01 -7.062436308243065231e-01
-7.740537765233970191e-01 -1.432187641211539741e-01
9.656287988009548684e-02 -5.318461116721977522e-01
-1.126329092678395316e-01 2.733290493343247807e-01
5.543405976744464336e-01 -5.422364493058826618e-01
2.358695622380511114e-01 2.753343627701780871e-01
5.144715403515731644e-01 5.830309559785344931e-01
1.137161523280527664e-01 -1.255669819212581473e-01
9.764952819309313803e-02 -4.696179819081502949e-02
2.113652119068099022e-01 4.173667419914659504e-01
-5.392965648963783387e-01 9.160981679653155130e-01
3.526011463588922812e-01 -3.682242781078592930e-01
-1.783447840957554931e-01 3.518310694735005129e-01
2.061425637302720659e-01 -4.426649615108579905e-01
-2.966240627350351655e-01 -4.360188818469996619e-01
6.876455010689115355e-01 5.103307476253649000e-03
4.441099456119710354e-01 -9.536267059656589051e-01
-9.089751201860511998e-01 1.740330989699490072e-01
-6.739534715802704135e-01 5.054184762057218894e-01
6.162288152966075572e-01 5.988156731421967471e-02
3.586861044195430726e-01 3.680842264151973353e-01
-5.035628196849160076e-01 8.119747263744865329e-01
9.473885980214773461e-01 6.953706189594615061e-01
2.298887765600332589e-01 -7.767385257714394253e-01
3.047786134207433051e-01 1.242312175369850724e-01
-9.448033045903241334e-01 -9.107910717842375714e-01
-9.703872660693604324e-01 -3.743637276558231530e-01
7.912028580175216597e-01 7.647730581724236920e-01
6.067266329107539047e-01 -5.878801510754150250e-02
-1.143830133857792752e-01 2.679772730763674282e-02
4.629736543660434300e-02 6.455796778940581238e-01
2.993855031754060203e-01 -3.600347551469829099e-02
-4.024876115909210572e-01 -9.886737749422447319e-01
6.860672920623562820e-01 3.268143663216500627e-01
7.806936557931223319e-01 4.901425703012631807e-01
7.969667438554517425e-02 -6.432478802808720975e-01
-4.042338596846617449e-02 -2.550062885173067784e-01
-3.014353470352486575e-01 3.474757239917825036e-01
9.110444061515932113e-01 -2.458036461436519104e-02
-9.128761246522365536e-01 -9.370508293795563048e-01
-3.081450489695469752e-01 -6.725658531584128852e-01
-2.029855039479915302e-01 1.694752740704110749e-01
3.504054194474288675e-01 -8.182495615525262611e-01
6.011805871151247871e-01 3.719171561044110064e-02
-8.505543711790071182e-01 1.343662952268365185e-01
-5.102923138788320045e-01 3.431833572520304187e-04
9.118083336453717269e-01 -1.403600040541157501e-01
9.538745844921132644e-01 5.475160584346654424e-01
-5.022132474173868211e-01 -8.096872958789838037e-01
-3.270671420081541214e-01 -3.129592319683536239e-01
-6.354747534412203969e-01 -7.845655786596417158e-02
7.431795229096955779e-01 7.894894484598733442e-01
5.002232656280229950e-01 6.717994823038173635e-01
9.940451356936019778e-02 -7.362384793928582472e-01
-1.043756850911896628e-01 -4.651372266719284720e-01
3.134432795030943630e-01 -3.157835697532853647e-01
2.808987162772322854e-01 -2.877491131658187484e-01
-2.209823171760316729e-01 2.391471068059001226e-01
-1.130814133885873485e-01 -4.350890284945043707e-01
-3.125279905451541218e-01 -7.016842461788930230e-01
-4.252558931307224288e-01 -3.526402012224734150e-01
-7.156897564407747048e-01 2.823813630433074096e-01
5.104829674837778608e-01 5.841285334371499882e-01
-1.177431564582465118e-01 1.401844549727795375e-01
8.025719004105535959e-04 -8.777084216368726821e-01
3.100755269221533439e-02 8.822683040899059748e-01
9.738595049425551320e-01 -3.241429072736567996e-02
8.052146840270428818e-01 8.412825027100396813e-01
-2.630705704325249084e-01 -7.262705993287332795e-02
-8.282616202357144797e-01 5.671679139996643748e-02
5.233127202070375628e-01 3.176503402939276910e-01
-8.960391074739237904e-01 8.794309796067403262e-01
-8.282707040174517310e-01 9.832838866973423464e-01
3.624903208919205699e-01 -5.969089898852049103e-01
6.618996501620995065e-01 8.561834090175315382e-01
4.425589606727031722e-01 -3.090770239978266609e-01
-5.054546665416745910e-01 9.814898180126485627e-01
5.266815297053737410e-01 -9.833843766832091049e-01
4.956545202473821021e-01 -4.037958304888498162e-01
-5.732912766477482602e-01 3.438422920694430562e-01
9.214885239632590874e-01 7.484265615533101101e-01
3.443173501939411629e-01 -9.854484123082820624e-01
2.707544570094317926e-01 4.631517872274748537e-01
-8.450036129095306325e-01 -2.624076299610307306e-01
7.000464298414350583e-01 2.978034617304714526e-01
-1.476788110398619125e-01 1.036171386309321374e-01
9.497652955040616352e-01 4.787686321566118064e-01
5.776189167603795749e-01 -4.961952494006076630e-01
5.407181093241586467e-01 4.921680072015721663e-01
-4.854331398995477276e-01 5.213538112117646062e-01
-5.789361124138907577e-01 6.836166442621884887e-01
4.870586077393899149e-01 -4.980017586766001259e-01
6.155050391990128933e-01 -1.381623932235485075e-01
-5.162702240907164342e-01 3.484612224593770513e-01
8.418795403500634045e-02 -1.721623000914251911e-02
-6.379532329572321636e-01 -4.318143261170341862e-01
-9.880288375667216627e-01 -1.407208250373603864e-01
3.999210034508493550e-02 -4.651706308101000165e-01
8.969469681429169672e-01 -4.557004509307058804e-01
3.102607571424895738e-01 9.271245711930169442e-01
2.850567921003817062e-01 -7.951283560752893109e-01
3.415990812145226485e-01 -9.674536964807562978e-01
1.868003987661401855e-01 4.047189289444337312e-01
-6.065991653058335764e-01 3.992868584501336748e-01
-1.534891862863483336e-01 -2.748557983781805270e-01
-3.857114922332316453e-01 -3.639008915349333240e-01
-7.451705338428409320e-01 9.119594789671530144e-01
-3.741138046166212483e-01 2.839737648213636056e-01
3.572032710125312427e-01 -8.577627578703861388e-01
7.992480821052825313e-01 -8.471108934890629882e-01
-5.665937356107295653e-01 -9.497775549209586110e-02
-5.518284406318567648e-01 -3.615363680230270216e-01
-7.203306358899355111e-01 -7.840396761179255769e-01
7.825785375908769215e-01 -2.129745013046409063e-01
1.356712542013973621e-01 -9.944832674198460509e-01
2.857005001830026369e-01 7.418288848955092440e-01
-9.914384073761131067e-01 -1.782022134536951352e-01
-4.325245938223520881e-01 9.042448587767497603e-01
5.869158747097129591e-01 -4.334128827238625803e-01
2.455644385063102675e-01 1.234434224737634977e-02
7.286048933984012876e-02 4.711141971637362591e-01
-4.634646165740829993e-02 3.540346020955962292e-01
-6.119579897513356403e-01 -8.457691585156204006e-01
5.303968238339085151e-01 8.825057485162437487e-01
1.807162692502042312e-01 1.315972373149729702e-01
-7.228016152495950752e-01 4.643607556799571601e-01
-4.947972400817803873e-01 8.984552522840756339e-01
7.646635541550719228e-01 3.581213968510077450e-01
7.408434451105398999e-01 7.465078847636583692e-01
-2.428987663093824523e-01 -7.169068806493457124e-01
-1.620214035370055594e-01 4.158908987132352575e-01
-1.768883979278832452e-01 3.304991220686823716e-01
5.279536215581732694e-01 4.122465816816613948e-01
-6.214839896604325009e-01 2.030579767364435462e-01
9.555447695351650950e-01 -9.979403945113456409e-01
2.500118156304713679e-01 -5.851678155427442185e-01
-4.271845784647774202e-01 6.688106025060434057e-01
5.015920613188018518e-01 -4.378136692958101150e-01
9.925403984422724868e-01 3.836970840174180886e-01
-6.188628302133838410e-01 -8.455838732534926017e-02
-6.850978851700273431e-02 -3.812042762646941085e-01
-1.882259522383817885e-01 -1.858284336685431803e-01
3.377437711102770912e-01 8.327961782165858029e-01
-8.471269774404339703e-01 3.004670571727292572e-01
-6.369467395379917463e-01 -1.793572896263910810e-01
9.149984040526311091e-01 1.239107291936898392e-01
9.663678628182237329e-01 -9.061643240601435778e-02
8.511974374460153925e-01 -2.029062377013572949e-01
5.245655254976742121e-01 -6.385043975460982235e-01
5.929803207797397224e-01 3.675086925644288627e-01
1.330461968357994351e-01 -2.156848427620567943e-01
8.870288074362095987e-01 -5.615570740769770808e-02
9.608905891386327891e-01 4.413465376338185919e-01
-4.883384283591944985e-01 4.397699295592700786e-01
1.758363154663156180e-02 6.915008843360856972e-01
7.840130264974010110e-02 1.071165002899829854e-01
5.282819719791889135e-01 9.245340717014240983e-01
5.969723611548645170e-01 9.127811171676558644e-01
7.786637007773429264e-01 8.549273873662617262e-01
-3.453785075805653193e-01 -9.179684736089601671e-01
-4.932712424106389104e-01 -4.025509518084988692e-01
4.935583597943398182e-01 -8.018372587066115997e-01
6.764965245748153500e-01 4.689736723531701124e-02
4.194015816789045115e-01 1.503119176054434902e-02
-1.871061432160932014e-01 3.200094150351309175e-01
8.239942614877342475e-01 6.710546577169467231e-01
4.821706397524667675e-01 -3.886574299770528818e-02
7.238327084858808824e-02 -5.743752297949504815e-01
3.621137749830647401e-01 4.338048524361974856e-01
-3.411712680648548712e-02 1.093796409015472815e-01
3.755552757322626611e-01 6.839989693574348717e-01
-1.259775078597205056e-01 6.565578000753333754e-01
-8.370519398490123830e-01 -7.739058970164167661e-01
-5.357715757846119864e-01 -4.652833721998561600e-02
-6.740726871316966573e-01 1.655741779487429621e-01
-2.022291185377564915e-01 -8.100461192334584837e-02
5.460083217605156136e-01 8.176298867100166845e-01
7.077838487655525590e-01 6.089499016864143854e-01
2.333575127420952633e-01 -7.067530521730138737e-01
-2.555714144181684411e-01 -7.310516229354373507e-01
6.603234688504451277e-01 4.703964024938773747e-01
5.647403225706402186e-01 -1.424778559122499288e-01
-3.001284101197265741e-02 -8.322806002604790088e-01
-6.949223911971675882e-01 5.890904304737609731e-01
-9.269444572094209800e-01 9.806180869157568036e-01
2.022992099496001561e-01 -5.957691425106672600e-01
3.769191182735351919e-01 -8.336336904205372544e-01
9.814512198415943356e-01 9.715040889978372451e-01
6.752152498782870715e-02 -2.267419061564199811e-01
8.505210725473819622e-01 -4.797491496964756408e-01
1.373771746487888468e-01 1.398106641328060729e-01
3.053567066066766866e-01 -1.420756576394843762e-01
-5.873981254584801359e-01 -3.352705112151648237e-01
3.809188870947091132e-01 9.560802824974001801e-01
-6.916862306951221395e-01 3.570435640897264840e-01
6.556261706064030470e-01 6.734948705569030469e-01
4.760970061171834189e-01 2.106463446012662999e-02
-6.344477088246345264e-01 -3.664767441264862313e-01
3.600060482906870529e-01 -8.343966287750219646e-01
8.186499841765306762e-01 -6.969080339606814611e-02
4.794467940980473575e-01 -3.877512915466510002e-01
-4.361825504778096274e-01 9.403815493254017444e-01
9.094961826610190592e-01 -3.514375706968086988e-01
-5.612255611377292563e-01 -6.772965068120617715e-01
1.373032985161917185e-01 9.336439459003578190e-01
9.299363050134179520e-01 5.331462112930021036e-01
-2.929703378562233951e-01 -4.508379174246506249e-01
-7.662532907580497099e-01 -2.432566742794624037e-01
-5.255651914086081344e-01 -6.608961163642965708e-01
8.941873522374768068e-01 4.677040078921523847e-01
-3.143788658951449655e-01 -8.139705107273043083e-02
6.863434500549181472e-01 3.203246421239098751e-01
-6.737753923600711126e-01 -1.819454394739492553e-01
7.773087542871111033e-01 -2.490860676607868918e-01
-2.835905690850222260e-01 1.856383795177338758e-01
4.370325840981514887e-02 8.069128232165705406e-01
-7.971477449000359261e-01 5.963194994448572928e-02
-2.450850736424492471e-01 9.693712855561611441e-01
-9.573047411703474729e-01 3.548308305700369480e-01
-7.739187376974441257e-01 2.342716958466521948e-01
-8.544010026224184706e-01 -4.517016464770429174e-02
7.557963636925046913e-01 4.478417312261659955e-01
-8.559281467009121069e-01 3.446179124220831724e-01
5.940430416048303464e-01 -1.396412730840710381e-01
5.789506864730009639e-02 -8.232134487204014750e-01
-8.674124381217369617e-01 -7.082522531403860899e-01
2.307388705486845826e-01 -8.778373331879585351e-03
1.170085308691930503e-01 9.551643372578255686e-01
9.159523033592413821e-01 -8.023993514199370125e-01
-3.641499251527020586e-01 9.032164721352362591e-01
-5.826016974623227096e-01 1.229672193370692224e-01
1.319747663825650008e-01 -9.533573329592273105e-01
-8.377406686936714753e-01 7.064638113405075082e-01
5.931278110757343125e-01 -8.864479991333675812e-01
-2.760272533608267853e-01 -3.106861809091623350e-01
9.652148836246332575e-01 -8.232473097792945005e-01
-9.747689580154170752e-01 -7.957565777380137817e-02
2.144132443861157533e-01 -9.834718458353066683e-01
4.234406637331389334e-01 7.079991343483706956e-01
2.160267804719615548e-01 5.241502275359382068e-01
-4.744767932579361247e-01 8.791268534919634003e-01
-3.417359119309024695e-01 -7.667070791101111560e-01
4.639552402387892016e-04 5.494794988737214947e-01
-5.135585027479105946e-02 -2.755331641288718547e-01
-9.973885703073435138e-01 4.628098355859517898e-01
7.492698811149387517e-01 6.002490843710555080e-01
-4.797429111928583900e-01 -7.725293347128394661e-01
-4.344500457737257015e-01 -4.727769264924965853e-01
-4.394203155038429731e-01 6.209695613376033929e-01
8.560138553147280671e-01 -6.465905869528918437e-01
-5.464652987409375218e-01 7.604108063420724761e-01
-9.278984069211033692e-01 3.475173877516648524e-01
-1.274591526082089477e-01 -9.524759949187817654e-01
-2.258929614502951377e-01 1.913413442809588361e-01
-7.613507681757258894e-01 -5.657036445397467528e-01
7.155307532800720960e-01 -9.240931231085547370e-01
9.046315158536155643e-01 -4.692618197032722982e-01
8.121781378150434438e-01 -9.395908109346384762e-01
-5.312869993839848259e-01 9.279348760825738562e-01
4.140066790796694818e-01 7.094254425973653966e-01
-8.328384869921876543e-01 -7.181683283330406731e-01
9.543933389077863261e-01 7.959759344103405354e-01
-5.442048538627624055e-01 1.062723687213902313e-01
9.317453067994563298e-01 5.190476364269742682e-01
-2.289236313909952525e-01 -4.882323955461724818e-01
-6.369365981790706677e-01 4.218506480125487901e-01
5.438320042188589110e-01 -5.301389460948813248e-01
-5.734055489831428876e-01 -3.339579414475950525e-01
6.568882415865999747e-01 6.991457697061393972e-01
3.784133515961873861e-01 5.489881942680476801e-01
-5.563835428251917570e-02 7.200548352403830510e-01
-1.286098310092151920e-01 2.614542535771220422e-01
-4.036367531400182340e-01 9.386312599868769091e-01
-3.127884089972896575e-01 1.759319053266108490e-01
-3.308606130317386373e-01 2.005814365949150080e-01
7.069886432147216571e-01 9.536768447897794321e-01
4.235397302905845596e-01 6.346571652927348595e-01
-3.673916502392640115e-01 8.754055188449647584e-01
9.396639506491859528e-01 8.477571581416916136e-01
8.890902704562566594e-01 1.445988788899568167e-01
4.979479833065283412e-01 -4.304375425839457314e-01
-6.626999197944365427e-01 -2.565856341371350879e-01
5.818418216175227364e-01 8.572382669440372638e-01
7.465060282798938740e-01 6.170351278912629134e-01
9.696546362282711939e-01 6.000288977047583128e-01
5.283875366512715832e-01 1.867252024236034647e-01
8.344885988547920963e-01 6.560935487907437746e-02
4.546107197381632492e-01 6.200738594653509850e-02
2.004208549467454414e-01 4.383355209282326914e-01
-4.343814341234635279e-01 7.383589355377331298e-01
5.027609490487379151e-01 -6.776271167536169759e-01
-8.857720428580557748e-01 8.096526194533535392e-01
-9.308283649668831483e-01 -3.476441618430829994e-01
6.347283967772596736e-01 4.077195208905592949e-01
9.303972502773047992e-01 -7.900298312506381926e-02
-1.071363146773667285e-01 9.785906204206549219e-01
-3.545741894398097838e-01 -6.388027981697925739e-01
-4.231238524697511494e-01 6.571356674905175499e-01
9.409422896440453599e-01 5.986072385604108703e-01
3.095106449271072258e-01 4.517205151398060448e-01
2.930322694492650815e-01 -2.105216750588365660e-01
-4.463914318184580843e-01 -6.508785827926619749e-01
4.930168646742911776e-01 8.227784041880716881e-01
3.738704220870050499e-01 6.354556189937115018e-01
-6.446138240951178044e-01 -4.271894227733576965e-01
-5.526246375561520985e-01 4.874292669058102323e-01
-1.861839111623095899e-01 -3.501284730947105128e-01
-9.213591989022247297e-01 8.045695224270106305e-01
-9.776272931879053107e-01 -7.766488131001889617e-01
5.008166766808463954e-02 -9.916309412347401597e-02
-6.746466795855710075e-01 1.628051028295087743e-01
-7.177985121855685602e-01 8.954746733664102898e-01
2.913493937130626765e-01 -3.458145477454530603e-01
-4.094236030690832084e-01 -4.556505905108785281e-01
5.068006035703915835e-01 8.848422472510923953e-01
7.276349896795595296e-01 6.585890684029560571e-01
2.356036233407383662e-01 -2.035405624319575058e-01
6.179239288517377471e-01 -7.172130876673894484e-01
9.358164763293637112e-01 8.070732029095719628e-01
2.346702706792136439e-02 -8.305791746662718467e-01
-2.905539426927876701e-01 -8.681882907390103821e-01
1.507497629175502674e-01 1.832719216214775404e-01
-7.932064141792225520e-01 -7.951652536063558152e-01
2.343355078956090853e-01 4.895289404544234113e-01
-3.278462960167414231e-01 8.721676554712423091e-01
-4.217252576659078489e-01 -2.995003522626948911e-01
-2.550002512151865464e-01 -3.451530601143291133e-01
3.185536951447189846e-01 -3.407459495084208534e-02
-5.019858139370914074e-01 6.704908123905404249e-01
9.259352125731323824e-01 7.288744840840835071e-01
-9.626607128724442575e-01 2.581635580325136736e-01
-7.972335997460324730e-01 -8.562662964798997134e-01
-9.481291235920041860e-01 5.987189322580754869e-01
-3.157953619308544457e-01 -5.487372308208386951e-01
7.833813611464155446e-01 4.809525225115485192e-01
5.402309219093965886e-01 -5.631685668556036806e-01
-1.536278072025665242e-01 3.253371085303997656e-01
2.150300773100497498e-01 1.181363544234133034e-01
2.512120112795630522e-01 -7.333023659930733018e-01
6.362098374114861787e-01 -1.558320808107098721e-01
2.651232384510464613e-01 4.079612886932766358e-01
2.889269804919858409e-02 2.674170002251936573e-01
2.239688263471499852e-01 -1.835078739417195237e-01
2.457665182295254436e-01 9.260632505007384552e-01
-3.791868267345250842e-01 -7.417178821619119233e-01
-6.488652940537573688e-01 -4.817868966191318769e-01
-6.060958346751754711e-01 -5.688072733679092607e-01
3.070516978322066493e-01 -5.825912621514834910e-01
-3.276869645336895065e-01 7.848220273463337726e-01
-4.034381563316835617e-02 9.490787810126866120e-01
-2.803468079774957822e-01 7.845154885897884789e-01
9.372519613718743869e-01 3.064259218988309996e-01
2.623746699126803250e-01 9.181344340885988498e-01
5.487756927146032471e-01 -2.925785723937952554e-01
2.940609255851920345e-01 -6.823231170244392629e-02
6.730289864581322501e-01 7.104704589916006618e-01
6.233976556317333273e-01 -4.046241379314778897e-01
-3.773621634799249058e-01 6.810066296177219591e-01
2.948355056997855606e-01 -6.938904660894125165e-01
2.153996663947466139e-01 7.529356947747976037e-01
5.567603068496826957e-01 8.970411750079967383e-01
-9.525234679819070127e-01 -9.591994710454652129e-01
-1.325340574804310112e-01 -9.182795167063599884e-01
-1.441603718155501923e-01 -4.760683392005942149e-01
3.091206122018448355e-01 -1.920862923603221528e-01
9.590973341587050172e-02 -8.675955583237748847e-02
-9.031190544060976322e-01 -4.035990857426785539e-01
-6.829078886538100246e-01 -8.869149600495793706e-01
1.976444364764562422e-01 1.714696963603594693e-01
3.289703774031491612e-01 -8.815327532581340719e-02
-8.706463579324983382e-01 -7.462609011744834042e-01
1.671477583813718581e-01 1.690109962670276467e-01
-6.901390630092834044e-01 6.102647814537374149e-01
9.094839306207327390e-01 -5.538284150208174772e-01
2.632230407959856855e-02 7.767484731002325393e-01
8.772483910193940027e-01 5.315775240534215129e-02
2.255417300866984220e-01 2.430280199541723363e-03
8.670789476097271464e-01 -2.096875838496405908e-01
-9.023397323990609564e-01 7.076102026651853727e-02
7.255393574615345287e-01 1.629014298623217005e-01
-8.780154847969035004e-01 -8.685743528746578956e-01
-6.091805426753766906e-01 -9.331849807186622936e-01
-6.844992992659550968e-01 1.290658537315216847e-01
1.304828028023501396e-01 3.633946076041021378e-01
-9.382176887017492639e-01 -7.105815769530920978e-01
-6.527665986815904819e-01 3.218929519123281402e-01
-1.474951809326361385e-01 5.384761503946822181e-01
1.273484511019888910e-01 9.515279347834657564e-01
4.279756109067531789e-01 -1.990447757594939748e-01
-8.483922803848154004e-02 -8.299525545342592014e-01
1.415387928491060876e-01 3.465468484428773088e-01
-4.159641930239643681e-01 -1.130947304978549006e-01
8.686179077540623350e-01 -8.566523357001043504e-01
2.933211881730244386e-01 2.634315319627831276e-01
-2.446714327894130570e-01 -5.920609059098016491e-01
-6.000756450875379677e-01 2.437303205802840989e-01
-4.274113291519703317e-01 2.311912449043769247e-01
-3.180486205776873465e-01 -3.944551642280726966e-01
-7.448335806880805876e-01 9.634293621743006408e-01
-4.163033251220529252e-01 8.229448608256604292e-01
-2.627757698134225439e-01 -8.936670883004216304e-01
-8.367349740555212190e-01 7.277975710162198908e-03
-1.329374714156281723e-01 -4.753935334966294946e-01
-4.789516637244537467e-01 -4.493951121938233317e-01
-4.345721740669605815e-01 -5.988479408515214875e-01
-2.680863922963614421e-01 -9.301315055310268587e-01
8.245459594945949711e-01 4.693877450876848823e-01
7.664701781208407283e-01 8.587296833185147360e-01
9.118780341116228261e-01 7.489978428397114918e-01
6.127376262258867889e-01 3.173140235265152764e-01
1.487543097652246349e-01 -7.003559508216810059e-01
-6.497202073503485220e-01 7.723604823320222579e-01
-1.949278500087321397e-01 5.876353048387339406e-01
-9.817489159219361383e-02 4.084507374731527474e-01
-4.028760526458528002e-01 -1.495808064533286075e-01
-3.438575769219058831e-01 9.109403623748733025e-01
7.459242563856047781e-01 2.920724871497559771e-01
9.835585960149342277e-01 -4.351856129069466839e-01
-5.348176966703950264e-01 -4.265348325120796869e-01
9.946845294026640527e-01 -6.271634189017643024e-01
4.290740836183013496e-01 -4.946206571473226177e-01
-4.533997617548362058e-01 -9.409594883384675423e-01
-8.682511139990158888e-01 9.086964261437435741e-01
6.963520886881902072e-03 -5.237276563364217097e-01
-4.265202274691530793e-01 6.101051851064736020e-01
8.958256459640412395e-01 -4.348458034241249326e-01
9.283770080187470075e-01 1.077744142069498867e-01
1.847083333335652888e-01 8.765387650821598875e-01
1.822808398017004006e-01 -8.962979867650420207e-01
-3.675588387444472804e-01 8.742025996313014247e-01
-2.268667313981393985e-01 -6.209795131569335602e-01
1.256232134087895691e-01 2.037509946809754613e-01
-6.266217076606119818e-01 1.182479390809878517e-01
1.174830881901312019e-01 8.088104240509557119e-01
7.161684461459050244e-01 5.158878852897434975e-01
6.829075295902569120e-01 -8.811931883503025809e-01
-3.080353290296626856e-01 4.263140568938106334e-02
