-6.705283480648145389e-01 -4.002720415674425603e-01
-3.334353315393852046e-01 7.012243503911859133e-01
5.872255421842442757e-03 -8.762758013142191160e-03
-3.562744040187886263e-01 6.976770467703408141e-01
5.374977633600859228e-01 -3.808443019441816180e-01
-5.022784890814901981e-01 4.824114015158782465e-01
3.183844244994644690e-01 -6.853268538175367741e-01
-6.069189810803667928e-01 2.064380693741529882e-02
-3.072848515858310758e-01 6.755187428963649321e-01
5.307280349026339827e-01 -4.126566471688810633e-01
4.103863331194512742e-01 -6.611047616999079501e-01
1.946459792309120918e-01 -5.066833508821464438e-01
1.310731522115202718e-01 -3.560525371882927725e-01
-4.319743496648960068e-01 6.705408051131414027e-01
4.004507287947292049e-01 -6.677370409941227880e-01
4.381340257540056182e-01 -6.216697369651245086e-01
3.443130350815668539e-01 -7.276113164175856962e-01
5.241413413054842874e-01 -4.418222804827263150e-01
-1.168631764837564369e-01 3.162534443941085183e-01
2.207058063450177965e-01 -5.981190790761345966e-01
1.456843578090876168e-01 -4.356924990223705052e-01
-6.902407012189117896e-01 -5.842259140217165303e-01
3.272335317106418451e-01 -6.770027047210467330e-01
2.429009104691657317e-01 -5.894367382741856343e-01
-5.438238079618742393e-01 3.185617086715450963e-01
-2.036368467372517976e-02 9.430911765704652616e-02
-5.776944473783383049e-01 1.564358289814720138e-01
-7.554104968679653531e-02 2.581507077570477371e-01
6.752198289034916368e-01 3.996315929337030948e-01
-1.080546024375914627e-01 3.519443034966605044e-01
4.930906979314804151e-01 -4.819634129854932780e-01
2.015222069466577892e-01 -5.003160039042660046e-01
5.028204781747211971e-01 -5.306378471009420839e-01
-6.932895422166223121e-01 -6.289228848659895732e-01
-2.414024189802579379e-01 5.682808342339142893e-01
3.866226493329150138e-02 -7.019718726468138215e-02
1.148290601026589197e-01 -3.777418700666159701e-01
1.946517054240819444e-01 -4.783371306095172137e-01
-5.451067344474802567e-01 2.915624062379029713e-01
-5.323861785791770274e-01 3.396815624871629691e-01
5.408777081804536646e-01 -3.027714947508601817e-01
-5.233745770221283067e-01 3.678307232383186687e-01
-4.354777594105982974e-01 5.901347605370874660e-01
5.087498149671547676e-01 -5.363383408752131487e-01
3.601088226945492465e-06 -6.370874169483964344e-02
-7.324829990942667290e-01 -8.822720860766761763e-01
2.760745926103584935e-01 -5.917618295199189582e-01
-6.832681976210930319e-01 -4.321188240856592699e-01
-3.503085054739869530e-01 7.795237490953281778e-01
6.591538876927094392e-02 -1.228573909863586167e-01
-3.759555935867489040e-01 7.777610314738601094e-01
-4.865051335590777626e-01 6.178316477867227263e-01
6.569875586741424911e-01 2.177762394185165373e-01
-2.461925990215758642e-01 5.382229238744766775e-01
1.334146594882612558e-01 -3.001106992512037053e-01
-7.153217450106612585e-01 -7.009649934047790243e-01
-3.498196519356659984e-01 7.900435296030909882e-01
1.930557810971711419e-01 -6.049896170030772957e-01
-2.919901011193672957e-01 7.610792127862187062e-01
3.461145645741965371e-01 -7.923041070471339431e-01
3.475005122629193366e-02 -1.671498829754458626e-02
-4.728363491083271697e-01 6.670951871932193633e-01
-3.505981745287012341e-01 6.119401786510501040e-01
4.525440453149487396e-02 -2.304970129429015913e-01
5.048502777214418646e-01 -5.810580113756509402e-01
3.936006949774766284e-01 -5.949116745909970305e-01
3.367331120901286834e-01 -8.035745849419451137e-01
7.083355414706038466e-02 -1.095413525358406304e-01
-9.023421102798900861e-02 1.644377316687939405e-01
4.988815469489602528e-01 -6.044908883001240962e-01
-3.614327459892898720e-01 8.096948004832049683e-01
5.844502136613749510e-01 -2.598945665566543273e-01
2.853988000823077797e-01 -5.613443241812419160e-01
6.691104721535945377e-01 5.007264469357843861e-01
-1.265251379074907589e-01 4.754042879187443393e-01
2.958912446964541143e-01 -7.933461642094428168e-01
5.599234942356863254e-01 -1.576366036705356688e-01
6.448328735795276767e-01 9.265469432064632471e-02
5.822419479544613807e-01 -2.856473250464093283e-01
4.934474743634649219e-01 -6.378952706797211825e-01
7.472465998042259194e-01 9.770847025276261366e-01
6.466215132522510345e-01 1.034862777509826248e-01
9.244171816798107955e-02 -3.916664242088117032e-01
6.301376208373288268e-01 -1.114182916178219074e-02
-6.415350987665966453e-01 -6.293061189403226230e-02
-5.136005664473364263e-03 -1.098466690511727961e-01
4.597099026226825202e-02 -2.652401610351189376e-01
3.174666169369297908e-01 -8.246629307732593617e-01
-3.142185458176927071e-01 5.653303099575679447e-01
-4.359383696177014933e-01 7.764023088425431318e-01
-2.263936965158432901e-01 4.544732421038284453e-01
1.788541062156743244e-01 -6.229980945323074781e-01
-2.943263534817279758e-01 5.460794496459417946e-01
-3.167295255056361558e-01 5.619868115336166259e-01
1.072879504929562522e-01 -4.478221519804039819e-01
-6.140048511302667045e-01 1.273539105269116956e-01
3.720389983848615412e-01 -8.416498240248320162e-01
-3.904681746366209794e-01 8.326857099084754577e-01
-1.628614835444024411e-01 3.161341981296583725e-01
3.501610723544741344e-01 -8.458426219543750957e-01
-4.736938113897311009e-01 4.315462527303901563e-01
1.923813784914263358e-02 -1.973305746399960370e-01
-6.816289473368075669e-02 6.175465495060183940e-02
-2.027230113849243232e-01 3.977859716533254097e-01
5.566684185747181601e-01 -1.455105856010052712e-01
-6.435750093646350756e-01 -5.416657039068373258e-02
-2.227621929942338319e-01 4.322420766198156183e-01
9.567679896153258312e-02 -4.289160421380937560e-01
-1.877002953598656543e-01 3.608632649618319643e-01
6.866892637371406760e-01 3.804503716225466903e-01
-4.477659638415292243e-01 4.751283401006278773e-01
7.391853029445869527e-01 8.633582558499326431e-01
2.076650518496632181e-01 -7.054006375776233906e-01
7.544072669434886969e-02 -6.869943753147911281e-02
7.514322219613693843e-01 9.850987690339345626e-01
4.096844414843814342e-02 3.323395820730090655e-02
-5.810909252887475063e-01 1.576956617357105905e-02
8.252446531489265880e-04 -1.608749812939094248e-01
-6.955470126986798007e-01 -4.459275696119837651e-01
-2.256163524184224833e-01 4.253513923150005205e-01
-6.834339399017195227e-01 -6.632481488737884678e-01
-1.143948870185285127e-01 1.694810496915371001e-01
2.966767225041366807e-02 -2.526899260809063463e-01
1.998853753295004587e-02 -2.242157325520468536e-01
5.238885241982371710e-01 -5.858660902837447004e-01
6.756516100784131229e-01 2.752554841239898131e-01
7.499343174691031066e-02 -3.877140590844128099e-01
-1.630310989223482387e-01 2.848233828289998826e-01
-6.557800679335774596e-01 -4.607166260230057819e-01
-4.564485079827291791e-01 4.330748363264573797e-01
4.598412990090778862e-01 -4.259011022563485849e-01
-4.662883384055593883e-01 4.108262574069347917e-01
7.793389639312242601e-02 -4.095689490699576663e-01
5.571664882084694792e-01 -1.076214741186243273e-01
-3.356118101799607789e-01 8.868210072759223905e-01
4.306064047781428261e-01 -4.681788073546229167e-01
2.764433835861730415e-01 -4.751675259302923227e-01
-4.913214486399608560e-01 3.384682181824978375e-01
-4.668119980730356389e-03 2.015418470927374806e-01
5.526708993019733285e-01 -4.957762858593597333e-01
8.883278688497142639e-03 -2.151606321123442633e-01
1.551178175909309065e-01 -2.435419941441749891e-01
1.123201787985617095e-02 -2.260451787532633539e-01
-5.367778577594450873e-02 3.524067518717037828e-01
-2.983707549739476050e-01 8.754837885807380538e-01
-6.057645495282582004e-02 3.729285081129563029e-01
-7.055184738025772617e-01 -4.939659205961026700e-01
4.130718357018547948e-01 -8.752627788811093712e-01
-3.926909694463016631e-01 4.936961399006487561e-01
3.330104242652516255e-01 -9.042057861855341550e-01
-3.301905983787922771e-01 9.034438082844256090e-01
4.327907114744597994e-01 -4.459923400205649813e-01
-2.855091268465193011e-01 8.783707291355435931e-01
-6.104368239919863992e-01 -1.970928922920460735e-01
-2.993914290396058053e-01 4.741761106834412320e-01
2.193074859145052180e-01 -7.842803908026934057e-01
-2.479322867848214873e-01 8.337845040077098702e-01
-2.854034271782386334e-01 8.838278348660522088e-01
5.158363548407860488e-01 -6.631217775053466212e-01
-1.406445223073886641e-01 6.136950350922454334e-01
5.055682972155035593e-01 -6.978269441975957221e-01
6.259041084945211608e-01 3.002491612403235255e-01
5.195217948108532546e-01 -2.200605729152396162e-01
5.548575744719423941e-01 -5.153702685127294902e-01
7.361163771294065850e-01 7.632756675413532310e-01
-5.016115325779479939e-01 2.748061477480991943e-01
5.109316735639277685e-01 -2.447047684341037144e-01
-1.145775919106717389e-01 5.547520708054045624e-01
-4.219112843712999883e-01 4.395423099193844774e-01
2.675319620692584444e-02 1.489212330540516938e-01
3.583162869654672456e-01 -9.372913084343470480e-01
-4.365488561981840654e-01 8.772327686518697210e-01
-5.096031088214902915e-01 7.035880304291313170e-01
-4.090224387838534703e-01 4.424145697238213160e-01
-5.931949870246095990e-01 -1.287665134924931287e-01
-3.863533509239109875e-01 4.587408478177759097e-01
-6.158494058140899785e-01 2.186352476536357337e-01
7.148272489641027683e-02 -4.514076253002001771e-01
-8.750608699980033656e-02 1.552266803169555232e-02
-6.806910424447276675e-02 4.443373555096361560e-01
-6.655779833420505387e-01 -1.190457655866166142e-01
6.998293198897720391e-01 3.978116822672872477e-01
7.119910893528438312e-01 9.967969713951116972e-01
-1.472592707880620022e-01 1.699718173463720117e-01
8.050912816564559371e-02 -4.837756387143281600e-01
-1.991046675491723317e-01 7.831778523982297902e-01
-6.173652805236335972e-01 -2.799203467861330896e-01
5.902963081214422925e-01 1.260155861714042924e-01
7.758803383976253798e-02 -4.829600664704574164e-01
-4.192584188673191825e-01 9.227916350467340045e-01
-2.607067312614776977e-01 3.856385807193662973e-01
-4.962768251951503728e-01 2.554443443723521945e-01
-3.082891718079623367e-01 9.460435558179960402e-01
-1.516311580318510099e-01 6.847613861895665011e-01
6.539402089632329051e-03 -2.777086461901940861e-01
-6.409301929360078365e-01 7.594281446094397481e-02
-5.472975352600424337e-01 6.800596801565905736e-02
-3.213341138669287833e-01 9.627837230639926247e-01
-3.184878507015183047e-01 4.308628069426474472e-01
1.592189594378008444e-01 -7.145279634259107393e-01
1.141559362923014742e-01 -5.998277103202724891e-01
1.270973250571179047e-01 -9.410321126223553101e-02
4.857800475730627010e-01 -2.683247216317607986e-01
5.161720528987490120e-02 -4.276148101088068643e-01
3.314996954466811196e-01 -9.770484860454573539e-01
6.890765191043972671e-01 2.737651051041647410e-01
-2.573108131679462396e-01 9.152590785766063775e-01
1.208769192991079322e-01 -6.297154924741596993e-01
7.122866685768363126e-01 4.714217915578211571e-01
2.925023918307998461e-01 -3.931620202225385441e-01
7.797837682624852995e-02 -5.152038079618705968e-01
-1.572980149701754815e-01 1.554633136777276992e-01
-6.040607422377775038e-03 3.049314182202536028e-01
-6.820332056673279464e-01 -2.041717958784725617e-01
1.131928916924842543e-01 -3.971753347577311466e-02
-2.336591816240130015e-03 2.979661344527091416e-01
-5.783633140576014409e-01 4.788928121372721947e-01
3.983917382805706175e-01 -3.976797372904916639e-01
1.347708142394763442e-01 -9.268270839088055268e-02
6.146290791516808572e-01 -2.786356076936540305e-01
3.660106807594964984e-02 1.843855161846075230e-01
-8.048607197857093887e-02 5.326458822506330293e-01
5.554009198051135243e-02 -4.617457433981699833e-01
1.035547500898399420e-01 -4.471102761191003694e-03
5.415066389630682764e-01 -5.673186812219510600e-02
1.304415044138653723e-01 -6.718207251312169337e-01
-7.412130920673853929e-01 -7.353241324938746271e-01
-2.535718338239709713e-01 9.301382114082115127e-01
-4.948313902527630148e-01 8.152747821505732517e-01
-3.616242614175073644e-01 4.046735865443962243e-01
-2.535170553888952405e-01 3.282203693158407543e-01
-2.669610369656065796e-01 3.465374532671268160e-01
-5.370958276134862874e-01 6.755473006219427923e-01
-7.301472420521046836e-01 -6.191585886706671982e-01
5.888434609694934707e-01 1.720642265693874684e-01
6.285923677088069983e-01 -2.051666301771042367e-01
5.441205719359194504e-01 -3.458525769506248793e-02
-1.429343445423687520e-01 9.581263670920470155e-02
-6.685771377278661998e-01 -6.950099839284189507e-01
-4.379096553693622162e-01 9.523124783681129468e-01
4.763177266721720926e-01 -8.765441479111577561e-01
4.941231712161842093e-01 -2.028751721130559460e-01
-3.902890192126506896e-01 3.800776279789606082e-01
-8.941264737786913663e-02 -5.281907125059737140e-02
-6.780275056031628278e-01 -1.415176677950638062e-01
2.960024610661828870e-01 -9.997413806397479341e-01
-3.292033663270688137e-03 -3.123397598851234136e-01
-4.987222630229617426e-01 8.269387767358626906e-01
-4.856019346192703701e-01 8.644427124762250614e-01
-4.685427392657244283e-01 9.071331638563693289e-01
1.495060389019866598e-01 -9.731007096647892318e-02
-2.412343445166162947e-01 2.851668245121041778e-01
1.767564272629718047e-01 -8.154332869073526169e-01
-1.892737249233169550e-01 1.837710839628818871e-01
-3.883657185482853880e-01 3.655685458710418168e-01
-2.996300518183154793e-01 3.519767350256000071e-01
5.268484151966172924e-01 -7.426551416256756966e-01
1.481485314444361823e-01 -7.551476923999314028e-01
-1.432091241834543283e-02 3.807280339167788963e-01
-5.616870854200664009e-01 6.057572995867166465e-01
-7.168691286203443536e-01 -4.562994460429226073e-01
-1.980324048424166872e-01 8.724165013197211493e-01
6.697931348857071310e-01 5.375666805048462393e-02
-6.103808188112991306e-01 -3.291788590685442717e-01
1.156641394405799605e-01 -6.772558000517652221e-01
5.955618694846116501e-01 -4.424405031435414415e-01
4.842450641444766557e-01 -8.905545888838322099e-01
7.574805526447447868e-02 1.238578396346403654e-01
7.230329198924758671e-01 5.044682008816201435e-01
-5.414444997078964317e-01 7.066203705218798703e-01
1.860480732934566284e-02 2.985760788485942729e-01
1.353770732460573001e-01 -3.173716360966882810e-02
9.624307606507254143e-02 7.330820111989755361e-02
1.947117881631907910e-01 -1.693685852956763327e-01
-1.201240911994208016e-01 7.047311399604005988e-01
-1.273603549698179016e-01 6.973083395217072322e-03
-6.701641719785653706e-01 -3.638468339825950970e-02
-7.817713163977635382e-02 -1.357120776226670156e-01
5.221311156183869873e-01 -5.727113990004029098e-02
1.288720715687499130e-01 -7.399209536743069915e-01
-5.904148108535292039e-01 4.978022300145490409e-01
4.150312793392618715e-02 2.540291308471189780e-01
6.036231092122639197e-01 3.298579718210901124e-01
-4.086558885112303585e-01 2.975435031633688610e-01
2.090974795723332669e-02 3.232711280217974714e-01
-3.909260229989872659e-01 3.076164699416819026e-01
1.471511261823583716e-01 -2.797057714870621048e-02
-5.916752143649919304e-01 -2.700350692311395129e-01
-6.325996233091442100e-01 -5.160230714281961450e-01
8.401350018874564896e-02 -6.375881303424537627e-01
6.257089072788994955e-01 -3.107698583272180404e-01
7.170180401400936265e-01 4.034663211556026585e-01
1.113660829788600815e-01 7.371166865136991042e-02
4.680999516930457460e-01 -1.842169248952914007e-01
6.937741665185312989e-01 1.888901366906106105e-01
7.896679081951574197e-02 1.682871898310889236e-01
3.593885652197770231e-01 -3.044282703083311947e-01
6.523658656085868923e-01 6.690178581215979747e-01
-5.710211639934086314e-01 -1.909595486105148954e-01
6.738007918027413279e-01 8.431416756282925640e-01
3.804858303660938468e-01 -2.822529765908519117e-01
-5.994159924327862043e-01 4.942293476628976112e-01
-1.621848185399779041e-01 3.317421072438664353e-02
1.926959971525945559e-01 -1.012366528587318459e-01
5.087983012950467732e-01 -5.146910926642722650e-02
-5.661153490956745138e-01 6.689291411575313262e-01
-6.335777108782043587e-01 -5.574492630764342760e-01
7.478949261490703826e-01 6.760594583914725231e-01
-6.930081421639191497e-01 -1.566046940487788586e-01
1.934439073989837610e-01 -9.541073101086738895e-02
4.539714731992994246e-02 2.921901504635524560e-01
-5.792961569895032081e-01 -2.479254373950317003e-01
6.157730067799531692e-01 -4.104192079163726525e-01
-3.247844882710222425e-01 2.678170960111969645e-01
1.703443455738797851e-01 -9.058728059565381852e-01
-7.149855154660513801e-01 -3.407000456351627626e-01
-6.746886699481999816e-01 7.111218688844234137e-03
-4.799222618036764754e-01 9.960083735468696631e-01
1.657350159040620330e-01 -9.023143680398812982e-01
1.951602131733380929e-01 -8.288161923694903344e-02
5.138716042766455772e-02 2.901873992495058729e-01
-4.827235549509443224e-01 1.028326078862558113e-01
2.569425961843885275e-02 -5.229043886727113843e-01
-5.706076491449336707e-01 -2.233134640912224356e-01
-5.710079996327153129e-01 6.736913495470009394e-01
6.270315070158052340e-01 -3.589527137980259575e-01
4.967200058103675708e-01 -5.928033969871160380e-02
5.321974748299722613e-01 6.299186377911203394e-02
-1.568562425816586448e-01 8.975244488041231872e-01
-6.443464728349497239e-01 -6.652271710986914499e-01
-1.313519299887171421e-01 -8.246375615957313165e-02
-7.547121770678955066e-02 -2.376867387831287370e-01
-6.781048949523209579e-01 -9.212297073838127126e-01
7.376078234576544101e-01 5.361684360625880164e-01
-5.344277226339693154e-01 -8.051377657745573124e-02
-5.728508501458273727e-02 -2.943072166579376869e-01
1.504897720398084005e-01 -8.892405713833935188e-01
2.631447298430451553e-01 -1.781558021225424504e-01
-5.098476603856478828e-01 3.561228141778283174e-03
6.640333099886535084e-01 -1.180026542675520762e-01
-7.129327126560585093e-01 -2.910052284539463852e-01
-2.511664197000753607e-01 1.571479385346050694e-01
-4.980431941371765703e-02 6.193738304767872904e-01
7.562184796942106324e-01 7.191431653310631500e-01
4.511461885304446362e-01 -1.455264607302104718e-01
-6.664685324395758226e-01 -8.428851340430707495e-01
6.028354511509150804e-01 4.181963417374303660e-01
-6.620992334623716502e-01 -8.114187382839104234e-01
-5.904859707290732729e-02 6.515291318518952046e-01
4.316117042394087555e-01 -1.719576975979291156e-01
-2.909947937721921729e-01 1.921567154057519655e-01
4.494743347137248879e-01 -1.381301391967939551e-01
-1.527126806129723846e-01 9.140156430841070989e-01
3.087952074851703088e-01 -2.056830254601922370e-01
-3.645458530795642194e-01 2.207455950800010225e-01
6.644389646966313290e-01 8.402767988086579098e-01
1.326862619718149894e-01 -8.705978972489347711e-01
4.096250961946612534e-01 -1.861156055710533330e-01
-5.747511075166253924e-01 -2.883013150176456652e-01
5.094231513227944763e-01 -9.644297086396085295e-01
6.943569701040392950e-01 9.995902222374564161e-02
-5.466976185589209614e-01 8.300109653709302204e-01
4.958711425547448481e-01 -1.115688722758467755e-02
4.329056991623316808e-01 -1.472395870029914455e-01
-5.411007349128924560e-01 -1.468104644823688965e-01
8.799827629740164525e-02 2.473302588873145247e-01
-5.002515576181054691e-02 -3.575749565656622941e-01
-5.323699966172377174e-01 -1.175161283593169070e-01
-2.725290655612104818e-01 1.469049395509514078e-01
4.136557937759164361e-01 -1.657625890503964250e-01
6.704013994732360704e-01 -1.106525334230712421e-01
-4.824372775994656415e-01 3.823970259600240063e-02
-6.332303700182426720e-01 -6.448141416081669686e-01
-3.713065261969110686e-01 1.908480207503941983e-01
3.746607333645868287e-01 -1.874891027870853044e-01
-5.797009771014423052e-01 -3.372193968605645686e-01
-7.244999151995390463e-02 7.325324110378803599e-01
-1.734402514652473304e-01 -4.451511923037765328e-02
3.851784846173389454e-01 -1.732935100128036865e-01
7.017814883650985713e-02 3.173933777218134189e-01
-1.941241108365787671e-01 -2.381231426494379022e-03
1.771258563160569288e-01 4.015061903983818681e-02
-1.067846814138104783e-01 8.397698515645479755e-01
2.176177046197995679e-01 -4.003620145010766684e-02
2.272934796192349616e-02 4.631251698187091037e-01
7.176302109268068996e-01 2.702340395567577325e-01
-7.681601782879592388e-01 -7.853047003959428007e-01
3.196790916868013088e-01 -1.609110608012103150e-01
2.612907499909755682e-01 -1.021408802345782352e-01
-1.425043440492552715e-01 9.473977236541422098e-01
2.973245230681780260e-01 -1.380577057215688352e-01
-6.638839112576755408e-01 -8.937626993290983535e-01
-7.698975473277049897e-01 -7.962143135772983271e-01
5.039962392474723885e-01 5.839611940751532337e-02
-2.593546342888728429e-01 9.188846670545802731e-02
-7.006011620651819705e-02 -3.400550433187412569e-01
1.566627087130227913e-01 1.085614941788852761e-01
2.588049809437009685e-02 4.765244838466635713e-01
-4.033256056731966410e-01 1.298397113964655514e-01
-5.736620812890484977e-01 -3.455058421988206341e-01
-5.199751365442084605e-02 7.170410154516415613e-01
1.420865664476700374e-01 -9.698703938142825276e-01
-2.677270856481546168e-01 7.983113278556053238e-02
-4.046987921772751129e-01 1.139349519456567261e-01
6.324092271040624436e-01 -4.520187176852961120e-01
2.151943702675080949e-01 1.412147779204975251e-02
4.080990288458954396e-01 -9.928678832446857783e-02
7.722383562988754946e-01 7.855379435330112070e-01
-4.970903781728222004e-01 -7.421601165648117338e-02
1.102450876420024706e-02 -6.176407123367828600e-01
3.701312842864228347e-01 -1.186404838403511963e-01
5.712967444300831588e-02 -7.567170639118330211e-01
1.577465635518364717e-01 1.477545615211732777e-01
1.425237330374995448e-01 -9.951687385461214230e-01
7.077949421775326933e-01 1.221670424304603930e-01
6.320389227060396742e-02 4.065729411471334931e-01
-3.380277407445611004e-01 1.093300282299800585e-01
-2.433972600056348856e-01 1.420795611023883964e-02
7.253490927266577071e-01 2.728745956876692524e-01
-5.490467255501958466e-01 9.272773824459348280e-01
-1.127017231692624133e-01 9.349880901597482641e-01
-6.245025028658701682e-01 5.349584369608213485e-01
4.885575528461469919e-01 7.959087321778657298e-02
6.415155891097858998e-01 -4.271307548158664869e-01
4.001138581174545905e-02 4.952417300017097901e-01
-1.013478633786519811e-01 -3.203774659322591312e-01
-6.729121684533767578e-01 1.972778967236876735e-01
-5.119230064042026296e-01 -1.546118015331201523e-01
3.133258093258373123e-02 -7.137135529023892477e-01
6.886748611773707562e-01 -7.304450409096796548e-02
1.166569379887383295e-01 2.848840498290154954e-01
6.919908935468557232e-01 -4.991907732473044312e-02
4.219389555490413724e-01 -3.782319482993146131e-02
5.113378385363220868e-01 1.640335956744165546e-01
1.234148301582294049e-01 -9.845801347036504669e-01
5.319367482026269300e-01 2.393122537718053167e-01
-3.398855328309569046e-02 -5.316006031032194379e-01
-5.443365018543688816e-01 9.775723880714646263e-01
-1.554263642883690899e-02 6.884093048638340040e-01
4.178696678200020109e-01 -2.086995510018541111e-02
-9.947183253509428447e-02 9.412753274472580589e-01
-3.882782682960850273e-01 4.564708554058438672e-02
-4.440948636293704510e-01 -2.014808871696160963e-02
-3.585996468708461116e-01 5.392568504310091271e-02
-5.568755436848249474e-01 9.432033525015888209e-01
-5.614125554577928945e-01 -3.868697323972380975e-01
-2.244418789870339381e-02 7.242287936192211006e-01
-4.232713818431521613e-01 3.303104451345850734e-03
-6.368537398040929887e-02 -4.719176625870322717e-01
6.176505164795449421e-01 6.936576294923098018e-01
1.100215783909552769e-01 3.421869010674023492e-01
-5.159309412492838476e-01 -2.133342875011496886e-01
3.242951464067811429e-02 5.673945498761785444e-01
-6.459715011895639236e-02 -4.755632748189773107e-01
2.963991360087765425e-01 -1.225078919084632290e-02
-6.340113538326317411e-01 5.323155044017475745e-01
-2.159755114833084022e-02 7.347847256613559974e-01
8.163051873538740288e-02 4.299577780723966569e-01
2.412780660591422599e-01 6.252636830024127512e-02
3.675562512429320083e-01 -3.034008147009026324e-02
-5.957950450532565334e-01 -5.801445304981600604e-01
2.381850269322542957e-01 7.015790365066609802e-02
5.984803457415319716e-01 5.963572627668656256e-01
-8.768960897268418542e-02 -4.194793419714950566e-01
-6.592242848535270205e-01 -9.934286633035627201e-01
-5.478613864060148941e-01 -3.521314282430900722e-01
1.723979919100750990e-01 2.041599650429426482e-01
2.815867570644030593e-01 1.594258539866300062e-02
-1.605637416440381937e-01 -2.342232579626071232e-01
-5.316618023370969226e-01 -2.920336306190276510e-01
-6.476781800124553623e-01 -9.164094694442739275e-01
5.987564299996457340e-01 6.070546195515205135e-01
4.863436968959602424e-01 1.476053120885840730e-01
3.752082627277508742e-01 -1.364398474155925634e-02
-3.185776143222591728e-01 7.009080932687039578e-03
1.731980169174467399e-01 2.121169281526071870e-01
-7.477118588051543391e-01 -4.080442779060382552e-01
4.265574984528690550e-01 3.487577438896161119e-02
7.102173004639651399e-01 3.835096763830425637e-02
-1.748955427560818787e-01 -2.179002653058399464e-01
-4.736897680793952237e-01 -1.299001667500965240e-01
3.264232098940040849e-01 -1.919409665553928335e-04
6.088112208461229358e-01 6.801359917158429358e-01
1.001613960857143937e-01 4.111397618424381672e-01
3.462051870209166271e-01 1.284956875610587801e-03
-5.644913958377126839e-01 -4.546636635196259490e-01
5.205836908649137396e-01 2.776795066262183198e-01
6.450037049311798665e-01 -4.993014437324543309e-01
-7.502096094201906595e-01 -4.144053192922718676e-01
-5.693745007877510922e-01 9.450514669562759540e-01
-7.940804396742411342e-01 -9.098035894466145468e-01
-6.034373390377574253e-01 -6.625721533082868930e-01
3.379247153163644768e-01 1.378529682437501513e-02
9.510618161068373766e-02 4.409601952056279028e-01
-6.216965756373669105e-01 6.626082096280414557e-01
4.807517164884611560e-02 -8.640461675545183517e-01
2.359916902401375527e-01 1.185576811503752381e-01
-1.355907882170293011e-01 -3.352115221550473478e-01
-1.432408419725028637e-03 -7.265421270497713913e-01
5.240790879857621931e-01 3.116869631391416817e-01
-3.358818246774595284e-01 -3.004753412560456916e-02
7.562279931665421007e-01 4.534662329515699586e-01
-8.913870028647230548e-02 -4.776302351744146080e-01
-4.406768868636423697e-01 -1.042436249134233162e-01
-6.507092235582587758e-01 -9.938132377466362133e-01
6.364164179212077332e-01 8.973723234222670264e-01
1.235644779175144592e-01 3.924723067696227474e-01
4.713035556845077689e-01 1.733781677315378023e-01
2.811244879483696391e-01 8.479647032500103876e-02
1.640369278316988755e-02 -8.000689201705823983e-01
-2.094754900540811704e-01 -1.968568216437696083e-01
1.851205052009559093e-01 2.482049109967874312e-01
6.237398081379785797e-01 -6.881924985042231491e-01
1.263780450567257851e-01 3.971540129114594642e-01
-6.519659751629689470e-01 4.994357850925417175e-01
-2.742358378873512859e-01 -1.028845666209901033e-01
-7.866084310061107754e-01 -7.700721061824753466e-01
-6.279668277112635533e-01 -8.632273635331153550e-01
-3.653712620243150244e-01 -6.435115397622004352e-02
-7.790582475720950750e-01 -6.748672996584825778e-01
3.760154100056674054e-01 6.808384291455360504e-02
5.572016342727952321e-01 4.859469849570081657e-01
-7.723138902449548926e-01 -5.939679333714780185e-01
-3.342034837188134766e-02 -6.794909481996613820e-01
-6.697390105961280593e-01 3.894605539756745838e-01
5.524648008215875539e-01 4.791639056557861487e-01
-1.622332666522616762e-01 -3.353572832773734635e-01
1.586181137866378155e-01 3.449138031588157016e-01
2.151814116376749020e-01 2.237091652764782168e-01
-4.229355113166144431e-01 -1.262797634216275000e-01
7.413763914194879678e-01 2.435873871182794304e-01
5.418994143459521240e-02 6.314968079843013005e-01
2.711736414372558635e-01 1.433571896584713290e-01
-6.830294810561898800e-01 2.981808709981241812e-01
-5.955564268899824487e-01 -7.022210424554684582e-01
-7.928697917228340053e-01 -8.091712375589354966e-01
2.782945638935068189e-01 1.394908576733433492e-01
2.841447307503826014e-01 1.375128524048552237e-01
-1.147553537961174541e-01 -4.743674945984093227e-01
1.073994959231312496e-01 5.068183886382844339e-01
-2.280962243177175885e-02 8.879668805662559450e-01
-3.660651875658011978e-01 -1.149822597798406676e-01
-2.358288653109672506e-01 -2.188768191009753394e-01
2.370679640445956249e-01 2.186483169006785410e-01
-5.662871893567407167e-01 -5.789279268097933251e-01
-3.181299951169402895e-01 -1.291098571725048938e-01
2.753449601120765422e-01 1.692604219190190218e-01
-3.843104526301626134e-01 -1.297015470324069941e-01
-7.776495792677775576e-01 -5.990320796671237957e-01
-2.405379614444624892e-02 9.077242640953007147e-01
5.418035134916656670e-01 4.868029783301062174e-01
3.505630074578021116e-01 1.360152246158665701e-01
2.038929600622501059e-01 3.007614907133295823e-01
-6.583377087564890040e-02 -6.555804259388247068e-01
-7.273087813261369661e-02 -6.367705739581563940e-01
-4.697698922449378145e-02 -7.145737158378731024e-01
5.374400423257514881e-01 4.843895205646833180e-01
-9.137727331488543214e-02 -5.881974812673693709e-01
-6.510867195966467680e-01 6.016488728288265087e-01
-4.643915576351975716e-02 9.961204755327293103e-01
2.707312683748148707e-01 2.098431362724533233e-01
2.640439105315146584e-01 2.188022011299519676e-01
1.505548519374346750e-01 4.396051682589789955e-01
-2.037506527391210742e-01 -3.244988370048871307e-01
4.386708296773877969e-02 7.379174767026288606e-01
1.714951207600823313e-01 3.952027388993786250e-01
-2.820341680170319609e-01 -2.059219993379584057e-01
-4.680159233839296107e-01 -2.899636628566804042e-01
6.031725294391818704e-01 8.203303043306831022e-01
-5.622392515618579445e-01 -6.105822966732326051e-01
-6.845959730659134657e-01 3.632959207748469588e-01
-2.569286993619979143e-02 -8.040419867798667131e-01
-6.959537088865541676e-01 2.759728784746862118e-01
-2.289634676753116160e-02 9.545311381712766607e-01
-1.868646610950437381e-01 -3.778952091630116694e-01
-7.907322006796673186e-01 -6.940337938177818522e-01
7.617129646660554254e-01 3.602502936057327965e-01
-4.884408334219267900e-01 -3.603707672528049244e-01
6.434463271329022849e-01 -6.933918620598047422e-01
7.836400351771901640e-01 6.041362829190235484e-01
-1.019875742775355754e-01 -5.974756234623450624e-01
5.973883786931446505e-01 -9.868746206536445076e-01
-2.314590107879594960e-01 -3.054590407617538972e-01
1.407832883414616987e-02 -9.434417823982634843e-01
-6.313878839404578613e-01 7.823644784478831493e-01
1.444960406687623156e-01 4.927765703116866458e-01
9.909555601504749234e-03 -9.333077803385187998e-01
-6.834324040249728505e-02 -7.029626676532458873e-01
-1.755898558398047982e-01 -4.247698479033252816e-01
-2.798179236972262451e-01 -2.447814947004343100e-01
1.704113555290009963e-01 4.390096733735839862e-01
3.325004802924294012e-01 2.083406685805049285e-01
-7.862523187046430717e-01 -6.073933702695624159e-01
6.737853130598538964e-01 -4.978553207569362815e-01
4.703274927139491357e-01 3.451425638862872791e-01
1.619653998488201907e-02 -9.730730717985356382e-01
-6.156848707017292810e-01 -9.455300173854594981e-01
3.363449053991995896e-03 9.179113395436382383e-01
7.418926176499334169e-01 1.113544223748943462e-01
-3.135424277128751047e-01 -2.378079860673985024e-01
-5.103011951320730599e-01 -4.656542932903426912e-01
-6.439253650122587214e-01 7.318823349733130090e-01
-1.389739530772566845e-01 -5.424720461751992850e-01
1.263347632079008243e-01 5.754292109785332787e-01
-2.455309613162479643e-01 -3.230504827221845066e-01
7.603788143354544005e-01 2.936983458911859302e-01
-7.677760279854113357e-01 -3.737361056069303800e-01
-6.787034360831400992e-01 4.815966882109457003e-01
-7.170096012051387913e-01 1.511690924771573741e-01
-2.326174289172486809e-01 -3.579238520698013737e-01
1.489066985444149616e-01 5.371605627319657739e-01
-2.198020738643191585e-01 -3.877968926133927852e-01
7.236823920666943799e-01 -1.017705766128287337e-01
4.994857829018846118e-01 4.649623926171528865e-01
-4.367228573543957548e-01 -3.315999431909755213e-01
7.797473430399886052e-01 4.770231291131372675e-01
8.074941244721736133e-01 8.104887096972006599e-01
1.932582944600702568e-01 4.575171801254236392e-01
-7.524269154754856803e-01 -1.706352851210453103e-01
-7.517221706859036345e-01 -1.602613365624414588e-01
2.786811999271932017e-01 3.245390446141624974e-01
8.128383018312934638e-02 7.508222898087415498e-01
2.605269859129473176e-01 3.504344001698105338e-01
-5.402864590646498932e-01 -6.384906004741364161e-01
5.612702231279995679e-01 7.309161278428097930e-01
1.375061554978560530e-01 6.129517382684137594e-01
-3.368414994820785324e-01 -3.053481970031026727e-01
-2.288133223025634599e-02 -9.424816249472720564e-01
7.930425027626111234e-01 5.979233080401218370e-01
2.951611455280482854e-01 3.333369319357979421e-01
8.179483033498933242e-01 9.099391694863394608e-01
3.039752747614581363e-01 3.298168010117297211e-01
-7.162173980079025171e-01 2.282554953764450723e-01
3.105514574783696524e-01 3.310185853821336899e-01
-1.246558715503451875e-01 -6.661400437793465468e-01
6.516250504403715560e-01 -7.670789502797406012e-01
7.739929257203723711e-01 3.569241443976149952e-01
7.855417766650134581e-01 4.813035131621206109e-01
-6.692244369766253698e-01 6.512729143202384829e-01
5.007779276894126497e-01 5.461819153792057957e-01
-2.812613257200520245e-01 -3.809312393000106045e-01
-6.296699853264873248e-01 9.435197595002109416e-01
4.373592439953899458e-01 4.093197968825799116e-01
-7.728865218050604557e-01 -3.202134059960828338e-01
9.886343603614333730e-02 7.661567245389262482e-01
2.215073833551097771e-01 4.881743094298720553e-01
8.824947455695064669e-02 8.071086650889505165e-01
-5.215549802483538944e-01 -6.373041497532880850e-01
-3.140948247428094753e-01 -3.755887693636728031e-01
1.290259746772837168e-01 7.043120003874361323e-01
-3.980384949312523180e-01 -3.846055991814512076e-01
-6.324021142554392405e-01 9.495601279105652104e-01
-4.691526014556872681e-01 -5.030745903108808648e-01
-6.782909085845312269e-01 6.231837992284450234e-01
-8.202517712496271152e-02 -8.476781309537257947e-01
-4.973692696894982390e-01 -5.839379919083149684e-01
-2.587995943319234549e-01 -4.550602150319862371e-01
6.607558340830628207e-01 -7.702897285274554751e-01
3.409382125561346566e-01 3.915370167748810637e-01
1.953591863902199854e-01 5.730514736274103793e-01
-2.293970167673589078e-01 -5.084683847603215234e-01
2.287436683979526819e-01 5.123818442792951178e-01
-1.056724960322708018e-01 -7.956650543220653571e-01
-1.976903082939811540e-01 -5.722874423496082663e-01
-2.408249609304555783e-01 -4.986103135065591552e-01
4.541222718237758471e-02 9.766262344907987725e-01
-2.789809075282190243e-01 -4.491985140194802995e-01
1.499467108982495134e-01 6.912211461898261078e-01
-1.786560737110125530e-01 -6.285088926640849394e-01
5.320314084751427419e-01 7.292322797877539564e-01
3.599626262516175679e-01 4.139848599002919904e-01
-6.478964746823083765e-01 8.894939371479766432e-01
-6.336884874496004905e-01 9.918228771448498460e-01
-2.766778717770135287e-01 -4.675993160102933643e-01
-7.946029267862972922e-01 -4.989089073544927810e-01
-2.784202282477292734e-01 -4.704016190439896938e-01
-6.641764393488054363e-01 7.833185606242754062e-01
-1.837229230051562467e-01 -6.342074818143752513e-01
6.158391653149131173e-02 9.576594305790844253e-01
-7.137462489652612874e-01 3.827669707610328320e-01
-5.510166688446882510e-02 -9.873737313227846091e-01
7.330673238910965228e-01 -1.997442667877644684e-01
-7.084661097057962653e-01 4.349064340045236676e-01
6.447406528111196966e-01 -9.455083616065083074e-01
1.384412183323766588e-01 7.642457100087050037e-01
8.073969667490803470e-01 6.295813010212329974e-01
8.082298303884252189e-01 6.400189410352259411e-01
1.020776892267474256e-01 8.622690537327861726e-01
-4.652814900952297883e-01 -5.782765950428250257e-01
7.886591970900502790e-01 3.824501623407963180e-01
8.361541107316996513e-01 9.920887288456692321e-01
-1.649839262050123434e-01 -7.200490125550746967e-01
-5.429782823493460864e-01 -8.330531370206653019e-01
2.666978473705980957e-01 5.361060932684642566e-01
-8.308733893666597758e-02 -9.407305769886642466e-01
4.201038332493696181e-01 5.202653827236747297e-01
-6.490798075297030678e-01 9.497027305295944188e-01
-1.936053313003105458e-01 -6.695037673132759881e-01
-3.388881845926230429e-01 -4.898653167017266163e-01
-4.178625013290351298e-01 -5.252994030941913195e-01
-4.250649687262118004e-01 -5.365032518186902966e-01
1.817386343034430585e-01 7.007832640151228087e-01
-1.372449189566320449e-01 -8.073127168907709983e-01
4.557920374481638781e-01 5.900695457290745516e-01
4.354459968064783304e-01 5.552724311059482609e-01
3.309760423937793128e-01 5.007322479929845471e-01
3.298472468377586786e-01 5.106174405393262283e-01
6.863610014693186656e-01 -6.854547145743570269e-01
6.742611908833657797e-01 -7.841323296099911300e-01
-3.823414586246076663e-01 -5.140844370831409993e-01
5.389120300856788948e-01 8.532125449753176216e-01
2.776188495523823629e-01 5.563874630377951824e-01
3.685419099055056158e-01 5.142464630034360162e-01
3.296993285265066298e-01 5.185271416215049278e-01
3.329588167529240472e-01 5.184698079072045385e-01
-2.885469018311888068e-01 -5.493700234484248934e-01
5.507386873602762023e-01 9.161913792801494871e-01
-4.241408177360332932e-01 -5.700479063766825671e-01
2.806112911868943183e-01 5.670442252034606501e-01
-6.613555540613353934e-01 9.023012243993449033e-01
-8.017634656657348646e-01 -4.831184642784005501e-01
-1.973513811736291590e-01 -7.044631450117824212e-01
-6.783821016773843304e-01 7.787728205084460953e-01
1.739687137675658413e-01 7.627977382560400255e-01
-1.965166983100212761e-01 -7.185275127198118561e-01
4.542359216816056477e-01 6.382259729143890947e-01
-1.673246159364334407e-01 -7.870195256756102875e-01
2.204667530747910220e-01 6.783274016929874417e-01
-5.435246556590946909e-01 -9.087706691827974748e-01
-4.482014588218150575e-01 -6.343043573233808630e-01
-3.722538559900292476e-01 -5.553953890927663117e-01
-7.206456990129488371e-01 4.302630537906986241e-01
6.577686361163397333e-01 -9.630882398274402956e-01
-3.273506652848738874e-01 -5.659338641297582129e-01
5.485288253598501473e-01 9.443229742933765269e-01
8.358486262550377521e-01 8.931435803667198137e-01
-1.300444112986050005e-01 -8.998991679374515051e-01
2.243399567436945574e-01 6.995097046364788795e-01
-7.661687143399145139e-01 -1.064771323114777068e-02
4.912421668796838059e-01 7.640885517166953189e-01
4.198391184048724245e-01 6.222038808975010049e-01
2.729762719695079110e-01 6.370396181473363395e-01
-8.054697761858102822e-01 -4.661288178945306448e-01
1.576855483938879310e-01 8.565016709336681355e-01
7.860163254348586648e-01 2.195566932977810470e-01
-2.973683839131724405e-01 -6.259327669377299230e-01
3.772131466402461886e-01 6.088681568493221619e-01
-2.141415015675074418e-01 -7.478489793473812597e-01
1.967758218861788144e-01 7.850191051023738265e-01
7.424546973272860839e-01 -2.736537406079302404e-01
-3.128442825467678823e-01 -6.271724891350558551e-01
3.113782771361623958e-01 6.318438095042391289e-01
-7.898024590112355803e-01 -2.421483409870008874e-01
-7.601930998836341491e-01 1.001876539220323270e-01
2.131038598732397649e-01 7.739210897128823152e-01
-5.020436137561863355e-01 -8.541939505195281779e-01
-3.590053577861469503e-01 -6.449257570613660118e-01
-4.079270203816898199e-01 -6.803398670490512501e-01
2.062719891543762785e-01 8.177586934178087130e-01
7.672660924637830782e-01 -6.039156718038318772e-02
6.808305336573636790e-01 -8.902789081038129382e-01
4.473989398437800968e-01 7.524508555041062863e-01
7.538739591397813911e-01 -2.133281523174594962e-01
3.733523587850189340e-01 6.787610731402364816e-01
-8.456274179134697366e-01 -9.128818110263470231e-01
-7.875455508759987566e-01 -1.552809669117993785e-01
1.410742886420199849e-01 9.992233226104856314e-01
3.666717073748304578e-01 6.948636250050972407e-01
4.885281357192656770e-01 8.709158584723626362e-01
-3.277908156649143034e-01 -7.083543811795767198e-01
4.322404203410186163e-01 7.629846558741824047e-01
2.871805480813116596e-01 7.579602749553950858e-01
3.153673308004878439e-01 7.367486057109917663e-01
4.643198651796096588e-01 8.450634314238210099e-01
-1.758788428297164419e-01 -9.581561158271234557e-01
3.074786626649417265e-01 7.556836465093115240e-01
6.834467436418016906e-01 -9.425775244076113335e-01
4.528788550279747582e-01 8.323433604647303419e-01
3.783912947161138796e-01 7.478834755331018602e-01
-7.200455788671558111e-01 6.237295691022668453e-01
-6.830907557163083954e-01 9.563315286218561084e-01
7.151708819051167954e-01 -6.833298853496394543e-01
7.427345091096460017e-01 -4.166976188983608775e-01
-7.887586080487110074e-01 -9.264825701212320297e-02
3.966261053359911859e-01 7.765006036383974575e-01
-7.964261351830879132e-01 -1.807250378183138384e-01
4.879920267677073653e-01 9.396646103943606665e-01
2.412533091548945130e-01 8.631334376020842747e-01
3.223532250561487178e-01 7.755528652732017747e-01
-7.325316215910913087e-01 5.279935446636379037e-01
3.518769756209867428e-01 7.709459833281107066e-01
3.993917779858227046e-01 7.909204711427582080e-01
-8.310759102523657127e-01 -6.144699172512928520e-01
8.584077289109590669e-01 9.906120844131012237e-01
-3.331126208536980826e-01 -8.037288420633998953e-01
-4.039387382320984710e-01 -8.252683576154278278e-01
-6.860163608322618067e-01 9.974860815884489806e-01
-2.705055813721877200e-01 -8.721934509587654372e-01
-3.360497222143128404e-01 -8.227290199121848335e-01
-2.164185783222483117e-01 -9.594196671719315006e-01
3.081652248781565628e-01 8.384009333628665850e-01
4.415338883575667950e-01 8.936125405496955221e-01
-7.779597844738153078e-01 1.002523921056437395e-01
4.457227868376645308e-01 9.077875624636797536e-01
-2.449656604302283824e-01 -9.192624922641472462e-01
8.072715174270703731e-01 2.495844291524085268e-01
7.364513507817631588e-01 -5.538525722977867272e-01
-7.107708705471149635e-01 8.022603115434909782e-01
-4.433475422510617658e-01 -9.126874995067708607e-01
-4.011367397167424631e-01 -8.609386333339099640e-01
2.390392765195163971e-01 9.403658086718091891e-01
3.930512370927905508e-01 8.614880821527537424e-01
-2.692859429292868700e-01 -9.074100792894050915e-01
-3.964469652780711062e-01 -8.706558993483568543e-01
8.098221529397449103e-01 2.552285651562904434e-01
3.294591964175701548e-01 8.652029769264610870e-01
7.183424841757415358e-01 -7.586773580059065214e-01
3.847564980878104279e-01 8.710516125901555107e-01
-3.765256469327822320e-01 -8.735259851312708879e-01
-7.661812437097785811e-01 2.813843521486452115e-01
7.842867230278613988e-01 -7.622930370877822881e-02
-7.000476670728741357e-01 9.460813409545656416e-01
3.113960498315511138e-01 9.035672282248878862e-01
-4.483851107260867774e-01 -9.831256491683650900e-01
3.578980510265468151e-01 9.088397726493442352e-01
8.137376425914424338e-01 2.502913368070824873e-01
-7.433857071182587983e-01 5.680437037511534282e-01
2.782994386782891016e-01 9.630581370694903942e-01
3.823376199833781186e-01 9.277755668465474947e-01
-2.580344703321695299e-01 -9.973420557105103779e-01
-8.355011585914915440e-01 -5.210577559514861790e-01
4.305899604287175553e-01 9.985717705382333165e-01
-8.250072531056147351e-01 -3.618917144000544095e-01
8.617507152187733332e-01 8.676943182610266092e-01
-8.566244931091633319e-01 -7.914077289481449284e-01
3.368617980699111225e-01 9.661347342893908952e-01
-8.347344496761210930e-01 -4.544378609640691291e-01
7.957375357807991989e-01 -8.645581547464065153e-02
-8.130681106924280144e-01 -1.295355756422815752e-01
8.414550372839528780e-01 5.037635338325303636e-01
8.657416156853261491e-01 8.538699469582808899e-01
-7.939121577168326560e-01 1.270928780731321872e-01
-8.459293043255819988e-01 -5.463385370241238270e-01
-7.902080320104054589e-01 1.943387850170810172e-01
-8.743207360570321995e-01 -9.419929860176359249e-01
-8.637810288047553797e-01 -7.449902038624778289e-01
8.351573897874300378e-01 3.270664523862756301e-01
7.630209010917206047e-01 -6.107803684219952345e-01
7.857560192783963338e-01 -3.795917894364408962e-01
-7.804909897685110565e-01 4.494928216182321190e-01
8.368155701716926131e-01 2.571512248002520984e-01
-8.378576676367466280e-01 -2.662144701456250484e-01
7.614897334087029623e-01 -6.840699063459714235e-01
-7.837386393538041673e-01 4.505259494026736533e-01
-8.622950403591189694e-01 -5.857914191199748988e-01
8.700901498985582627e-01 6.992201058813611869e-01
7.516777575783362142e-01 -8.352562492938757632e-01
8.255352507044606547e-01 4.231446718226083981e-02
-8.150108293085704947e-01 1.132713274346832666e-01
-7.846634691736573686e-01 4.896750557500852974e-01
-7.513365421752207229e-01 8.691592519397357552e-01
-8.112412402504158848e-01 1.813135595879138418e-01
7.798579575723574298e-01 -5.938990279641462866e-01
-8.118621174659590434e-01 2.050763414778293825e-01
-8.027607577666164840e-01 3.214864990851982185e-01
-8.083038886281377344e-01 2.588355052919832922e-01
8.410755504847724495e-01 1.532130468570149784e-01
-8.315772887308092720e-01 4.599444732877877584e-04
8.729562541478266269e-01 5.737139219220852571e-01
7.971933562232336179e-01 -4.945303568647361203e-01
8.177187262228973186e-01 -2.425818241282076126e-01
8.178109239701989441e-01 -2.534603502705157219e-01
8.267603246718644439e-01 -1.652892299128383424e-01
8.805390518143327849e-01 5.865867090866616618e-01
7.776090949265475061e-01 -8.170533590567812254e-01
8.771523831556207185e-01 5.170575333181752775e-01
-7.665585651888950913e-01 9.560818870055647345e-01
7.764297276871598985e-01 -8.467360164416368740e-01
8.129820780056702390e-01 -4.518011899815903565e-01
8.518149958445659919e-01 7.079476625408109847e-02
-7.866919759455033301e-01 8.050271950979823732e-01
8.619809870605970037e-01 1.930596007727052310e-01
9.082020112986886051e-01 9.093756205813761095e-01
-8.068949706971362268e-01 5.943301874578084121e-01
8.573479869948781307e-01 8.964565951572089908e-02
8.978889666528373503e-01 7.149636167397004360e-01
-8.325536502166275277e-01 2.736010031291635780e-01
-8.139273453887407861e-01 5.222853681695229788e-01
-8.608564026073546316e-01 -8.391805817357078645e-02
-7.891275933486883165e-01 9.470291195069042711e-01
-8.844453388947173256e-01 -3.101506565337250887e-01
8.175380868956863001e-01 -6.554369146146434844e-01
-8.809840087658804553e-01 -2.463021774572695666e-01
-9.184975158107888671e-01 -8.608989366246275754e-01
8.024639292710586957e-01 -9.011299334587969945e-01
8.543898747181415398e-01 -2.407144148808606499e-01
9.305035686408440476e-01 9.619582033507751984e-01
8.490973422456851161e-01 -3.473955745436008158e-01
-8.773635010623310748e-01 -6.945762808443922687e-02
8.740350739274993508e-01 -3.414705479576851666e-02
8.869171801588775494e-01 1.504749504129749837e-01
8.723238206464551947e-01 -7.980859806225981679e-02
9.124595677835531937e-01 5.537990235436496267e-01
-8.423172234775544442e-01 5.571804680520973108e-01
-8.299467496208217110e-01 7.399419173116703607e-01
8.596379231509088115e-01 -3.356872396950560944e-01
8.734332693852138174e-01 -1.321497172810812692e-01
8.712743369321074294e-01 -1.873007358493035124e-01
-8.804866538315840874e-01 5.124522969813427586e-02
9.171418369516235458e-01 5.473910609447292241e-01
8.993295965950758308e-01 2.425352808401612936e-01
8.861001685367699832e-01 1.497640638468267227e-02
9.064895922274800455e-01 3.174229040784977141e-01
-8.526890179627775179e-01 5.212224258329030135e-01
-8.822771974039582688e-01 9.327152239933611533e-02
8.736739853061274985e-01 -2.437239129391699510e-01
9.060329511697091665e-01 2.731252017706697899e-01
-8.439036334762246572e-01 6.902702804764524469e-01
-8.950295063446056520e-01 -5.915067300071563672e-02
8.480007828036262296e-01 -6.831958365702426317e-01
-9.251482499692609274e-01 -5.320542249386914779e-01
8.639265994001730231e-01 -5.046729873528041921e-01
8.763780145393140764e-01 -3.557967471585907759e-01
9.260467920362986938e-01 4.411405965656214345e-01
8.607983140447845738e-01 -6.577240777405979344e-01
9.227545390986382490e-01 3.202414919489553480e-01
-8.927996658614829606e-01 2.170728053990185202e-01
9.530809916222304778e-01 8.175032257246437339e-01
9.374405923435402688e-01 5.265788858288731333e-01
-8.906985674741028092e-01 2.714055104206856139e-01
-9.439643723206025960e-01 -6.036267886202513200e-01
-8.735902761734752886e-01 5.809704315046635426e-01
9.158649769405995400e-01 5.169537822028891227e-02
-9.344763977455001758e-01 -3.681342546842418795e-01
-9.292949973861455160e-01 -2.618067027566801652e-01
9.564479173017434999e-01 7.315139269404391520e-01
-9.010510057910823267e-01 2.532309949950244388e-01
-8.935017044690816146e-01 3.998751457217779581e-01
-8.593405297870893023e-01 9.292073159218949829e-01
9.569192196100038128e-01 6.687789543108304535e-01
9.576362015345538659e-01 6.648551589276927576e-01
-8.849493392117344648e-01 6.121291590713306974e-01
-9.334404955239443691e-01 -2.034251888426756860e-01
9.051001684787118862e-01 -2.875487012992499203e-01
9.384196652402885253e-01 2.811753470543718603e-01
8.741314208583921275e-01 -8.042528534761834713e-01
-9.295638615490853240e-01 -9.644177922217878063e-02
8.901137262950518103e-01 -5.696761374285888024e-01
-9.393881412124476249e-01 -2.714083603528216759e-01
8.794890645931705553e-01 -7.604542311441448987e-01
9.762019240152941535e-01 9.225163708976351629e-01
-9.364603993552966799e-01 -1.666836919685432683e-01
9.192821687404946207e-01 -1.821434732834354975e-01
9.127485289370591559e-01 -3.027564280106134209e-01
-9.693486587094186646e-01 -7.112574616612297174e-01
-9.446137709655013648e-01 -1.709690639525025535e-01
9.309847444331080801e-01 -8.609145237192694644e-02
8.813005814541414740e-01 -9.231631092707592856e-01
8.987705942332548936e-01 -6.439819039156513547e-01
9.107920205466435437e-01 -4.463059878013382331e-01
-9.275506590464550616e-01 1.688092436644392791e-01
-9.737662017347066268e-01 -6.228377185970634944e-01
9.408009222300761643e-01 -2.330663865915516553e-02
-9.644930122727026767e-01 -4.171791541513893975e-01
9.222783199005837318e-01 -4.359602451261932465e-01
-9.792915625106566324e-01 -6.189696779961684214e-01
-9.171915009838769173e-01 5.714592636113942081e-01
9.038485333146630829e-01 -8.511611646118952823e-01
-9.469605331088029043e-01 1.508404517986856597e-01
-9.677594703651331010e-01 -2.123936698330652906e-01
9.793226139020387855e-01 4.352157121169506482e-01
-9.746280365907955545e-01 -3.328769466253227449e-01
-9.423144667877063618e-01 3.429744635175890899e-01
-9.207423056881272050e-01 7.384001033694260752e-01
-9.655194042827142109e-01 -7.860030926295014098e-02
9.646577791665706947e-01 5.804940677665615389e-02
9.180297976638873703e-01 -8.033360876351982593e-01
-9.403745745514495713e-01 4.218625885999807146e-01
-9.592791272738492303e-01 1.727826733508872614e-01
9.404828444521939890e-01 -7.646110538025545633e-01
9.920168651555096861e-01 2.151226564968886645e-01
-9.415210060736065589e-01 7.702920115430262893e-01
-9.955234832810879730e-01 -1.950511350526509258e-01
-9.800575967842848346e-01 1.937789370377147602e-01
9.930207700669040349e-01 4.360144183116698713e-03
9.801925830480406887e-01 -2.593036988366801410e-01
9.899253233911600169e-01 -1.367598896377693052e-01
9.922474222886166206e-01 -1.675151585571055257e-01
9.758532627431124595e-01 -5.524321802088740796e-01
9.819092202162826855e-01 -4.335173686292876916e-01
9.851610841651459172e-01 -3.754902422819161867e-01
9.979772596273528418e-01 -1.406677615760238975e-01
-9.861279205799657888e-01 4.603162112428542674e-01
-9.735885450068981761e-01 7.823043780802907410e-01
-9.928501780655170084e-01 4.455153071627597772e-01
-9.655137633297481425e-01 9.960454916785594914e-01
-9.930110316398368386e-01 4.538627089192128761e-01
-9.862697315909794149e-01 6.119272917777653920e-01
-9.954636987570559814e-01 5.681318720796431077e-01
9.862492751650024925e-01 -8.789435701876082696e-01
